name: recon-local
channels:
  - conda-forge
  - bioconda
  - defaults
dependencies:
  - bcftools=1.16=h24e9fec_2
  - bowtie2=2.4.4=py39h9138926_1
  - bzip2=1.0.8=h10d778d_5
  - c-ares=1.28.1=h10d778d_0
  - ca-certificates=2024.2.2=h8857fd0_0
  - expat=2.6.2=h73e2aa4_0
  - fastp=0.23.2=h5712c04_5
  - fastqc=0.11.9=hdfd78af_1
  - font-ttf-dejavu-sans-mono=2.37=hab24e00_0
  - fontconfig=2.14.2=h5bb23bf_0
  - freetype=2.12.1=h60636b9_2
  - gsl=2.7=h93259b0_0
  - htslib=1.20=h365c357_0
  - isa-l=2.31.0=h10d778d_1
  - ivar=1.4.2=h94ec1f5_3
  - krb5=1.21.2=hb884880_0
  - libblas=3.9.0=22_osx64_openblas
  - libcblas=3.9.0=22_osx64_openblas
  - libcurl=8.7.1=h726d00d_0
  - libcxx=16.0.6=hd57cbcb_0
  - libdeflate=1.20=h49d49c5_0
  - libedit=3.1.20191231=h0678c8f_2
  - libev=4.33=h10d778d_2
  - libexpat=2.6.2=h73e2aa4_0
  - libffi=3.4.2=h0d85af4_5
  - libgfortran=5.0.0=13_2_0_h97931a8_3
  - libgfortran5=13.2.0=h2873a65_3
  - libnghttp2=1.58.0=h64cf6d3_1
  - libopenblas=0.3.27=openmp_hfef2a42_0
  - libpng=1.6.43=h92b6c6a_0
  - libsqlite=3.45.3=h92b6c6a_0
  - libssh2=1.11.0=hd019ec5_0
  - libzlib=1.2.13=h8a1eda9_5
  - llvm-openmp=18.1.4=h2c61cee_0
  - ncurses=6.4.20240210=h73e2aa4_0
  - openjdk=22.0.1=h2d185b6_0
  - openssl=3.3.0=hd75f5a5_0
  - perl=5.32.1=7_h10d778d_perl5
  - pip=24.0=pyhd8ed1ab_0
  - python=3.9.19=h7a9c478_0_cpython
  - python_abi=3.9=4_cp39
  - readline=8.2=h9e318b2_1
  - samtools=1.16.1=hf4d6830_2
  - setuptools=69.5.1=pyhd8ed1ab_0
  - tbb=2020.2=h940c156_4
  - tk=8.6.13=h1abcd95_1
  - tzdata=2024a=h0c530f3_0
  - wheel=0.43.0=pyhd8ed1ab_1
  - xz=5.2.6=h775f41a_0
  - zlib=1.2.13=h8a1eda9_5
  - zstd=1.5.6=h915ae27_0

