## htsjdk.samtools.metrics.StringHeader
# CollectMultipleMetrics --INPUT SRX17852075.ivar_trim.sorted.bam --OUTPUT SRX17852075.CollectMultipleMetrics --TMP_DIR tmp --VALIDATION_STRINGENCY LENIENT --REFERENCE_SEQUENCE SRX17852075.fasta --ASSUME_SORTED true --STOP_AFTER 0 --METRIC_ACCUMULATION_LEVEL ALL_READS --PROGRAM CollectAlignmentSummaryMetrics --PROGRAM CollectBaseDistributionByCycle --PROGRAM CollectInsertSizeMetrics --PROGRAM MeanQualityByCycle --PROGRAM QualityScoreDistribution --INCLUDE_UNPAIRED false --VERBOSITY INFO --QUIET false --COMPRESSION_LEVEL 5 --MAX_RECORDS_IN_RAM 500000 --CREATE_INDEX false --CREATE_MD5_FILE false --help false --version false --showHidden false --USE_JDK_DEFLATER false --USE_JDK_INFLATER false
## htsjdk.samtools.metrics.StringHeader
# Started on: Wed May 22 17:24:07 GMT 2024

## METRICS CLASS	picard.analysis.BaseDistributionByCycleMetrics
READ_END	CYCLE	PCT_A	PCT_C	PCT_G	PCT_T	PCT_N
1	1	27.870531	21.476554	24.560081	26.092834	0
1	2	22.418652	24.138185	28.463643	24.97952	0
1	3	27.867254	20.246912	24.089032	27.796802	0
1	4	30.040633	15.058	24.355277	30.546089	0
1	5	27.184029	20.223154	20.662254	31.930563	0
1	6	26.654815	17.900678	23.518039	31.926467	0
1	7	26.539306	21.221778	19.236	33.002916	0
1	8	23.683521	21.046466	23.08877	32.181243	0
1	9	26.272242	19.227807	21.739522	32.760429	0
1	10	23.847364	20.68765	23.46479	32.000197	0
1	11	25.716814	20.177278	25.996985	28.108923	0
1	12	30.3462	13.302422	21.413474	34.937903	0
1	13	32.943114	17.781892	17.953927	31.321067	0
1	14	33.762329	16.408887	22.634106	27.194678	0
1	15	27.193859	23.424649	19.443261	29.938231	0
1	16	34.686404	14.398532	18.924698	31.990366	0
1	17	27.995871	16.834879	20.59344	34.57581	0
1	18	26.738375	22.144215	18.181669	32.935741	0
1	19	28.421044	23.567192	17.131435	30.880329	0
1	20	23.771177	24.059541	23.335354	28.833929	0
1	21	25.896222	17.719632	25.113052	31.271095	0
1	22	24.911525	21.389717	25.3965	28.302258	0
1	23	26.110856	27.414228	18.833765	27.641151	0
1	24	27.649343	21.666612	20.892453	29.791592	0
1	25	27.885277	18.615034	20.956352	32.543337	0
1	26	26.984959	15.597044	23.718747	33.69925	0
1	27	32.685061	17.434545	19.853688	30.026706	0
1	28	31.779828	18.840319	20.372252	29.007602	0
1	29	32.025592	20.231346	19.531736	28.211325	0
1	30	27.71488	13.174624	22.38916	36.721336	0
1	31	26.853066	18.569977	20.115018	34.461939	0
1	32	32.200904	15.287381	16.386768	36.124947	0
1	33	31.615985	16.878297	18.320936	33.184782	0
1	34	24.786185	22.728315	14.426385	38.059115	0
1	35	30.929482	18.533113	21.128387	29.409018	0
1	36	28.447259	21.200478	23.868663	26.483599	0
1	37	31.470983	17.118327	17.04214	34.368549	0
1	38	36.052856	14.48455	14.740964	34.721631	0
1	39	27.844316	24.712455	16.884032	30.559197	0
1	40	21.262739	17.402595	21.525707	39.808959	0
1	41	28.824917	17.102762	20.099453	33.972868	0
1	42	26.487695	22.068028	17.652456	33.791821	0
1	43	32.577744	14.408363	21.831274	31.18262	0
1	44	26.049415	16.668578	24.810761	32.471246	0
1	45	33.358456	12.475014	22.966707	31.199823	0
1	46	26.975129	22.512862	20.073238	30.438772	0
1	47	32.089491	19.847134	23.646656	24.416719	0
1	48	32.403251	16.082839	22.426844	29.087066	0
1	49	27.309369	17.949012	17.787627	36.953993	0
1	50	36.428056	19.106564	17.500082	26.965298	0
1	51	30.344562	19.677557	18.720713	31.257168	0
1	52	33.238031	21.069404	17.445194	28.24737	0
1	53	24.908248	19.029557	21.822263	34.239932	0
1	54	32.212373	16.889766	16.613691	34.284169	0
1	55	33.116239	14.949986	20.209393	31.724381	0
1	56	29.868268	14.530664	25.863877	29.737191	0
1	57	37.088317	12.980501	20.319515	29.611666	0
1	58	28.307854	19.394059	20.866309	31.431778	0
1	59	34.92057	16.194893	20.425703	28.458835	0
1	60	24.482824	17.998968	20.225796	37.292413	0
1	61	26.68917	22.716436	16.504584	34.08981	0
1	62	23.697125	19.980829	25.23657	31.085476	0
1	63	25.001434	19.58757	16.806082	38.604914	0
1	64	23.044971	19.763717	22.437058	34.754254	0
1	65	26.960355	19.059947	21.185184	32.794514	0
1	66	25.870304	22.001557	16.564663	35.563475	0
1	67	27.549056	21.934374	20.116341	30.400229	0
1	68	30.574741	20.969235	18.056614	30.39941	0
1	69	31.578387	18.059891	19.335545	31.026177	0
1	70	32.18549	16.892385	17.093933	33.828192	0
1	71	26.273401	21.32809	21.16341	31.235099	0
1	72	27.277047	14.373848	20.310516	38.038589	0
1	73	31.750701	14.396087	19.718321	34.134891	0
1	74	32.873974	17.391482	19.293919	30.440625	0
1	75	28.190801	18.025628	20.780966	33.002605	0
1	76	32.794501	18.72368	18.146066	30.335753	0
1	77	24.176382	21.37514	21.69877	32.749707	0
1	78	27.930489	23.336583	20.626285	28.106642	0
1	79	31.755057	16.229015	17.929916	34.086012	0
1	80	33.464425	22.237243	17.971029	26.327303	0
1	81	31.44971	22.342116	17.648216	28.559958	0
1	82	37.793727	20.963196	16.671583	24.571494	0
1	83	33.862074	15.236254	18.348068	32.553605	0
1	84	33.95002	18.60549	16.117165	31.327325	0
1	85	25.170425	28.11189	13.098945	33.61874	0
1	86	27.943562	15.879259	19.466431	36.710748	0
1	87	31.7809	16.665164	18.325208	33.228727	0
1	88	29.136213	16.042575	17.930419	36.890793	0
1	89	34.654747	17.485927	23.985382	23.873944	0
1	90	31.604952	19.894134	16.862366	31.638548	0
1	91	28.644472	17.199138	19.004269	35.152121	0
1	92	24.194077	21.277677	24.074438	30.453808	0
1	93	30.976243	20.274689	17.018905	31.730163	0
1	94	29.212148	15.516111	25.090963	30.180778	0
1	95	31.397922	14.538943	22.141546	31.921589	0
1	96	29.798725	20.146367	18.340135	31.714773	0
1	97	32.533152	16.747259	19.758388	30.961201	0
1	98	29.472847	17.839756	23.591555	29.095841	0
1	99	28.911673	17.841541	17.877603	35.369182	0
1	100	31.76729	19.026113	21.529269	27.677327	0
1	101	27.286363	15.623002	24.788125	32.30251	0
1	102	30.401462	19.850988	15.587194	34.160355	0
1	103	31.405738	18.086885	19.098361	31.409016	0
1	104	32.72541	15.983607	27.227049	24.063934	0
1	105	31.690424	16.86981	17.154239	34.285527	0
1	106	32.76775	13.959245	22.961852	30.311153	0
1	107	28.211938	17.841276	24.240561	29.706225	0
1	108	23.861242	19.890653	20.578375	35.66973	0
1	109	23.718185	27.212591	21.231198	27.838026	0
1	110	32.729747	17.908405	16.955891	32.405958	0
1	111	39.231261	20.250508	16.688799	23.829431	0
1	112	33.204902	19.811452	14.327991	32.655654	0
1	113	33.090405	15.529906	22.111916	29.267773	0
1	114	22.42544	16.452427	22.331164	38.790969	0
1	115	30.752078	16.707383	16.32454	36.215999	0
1	116	31.020659	13.426791	19.510576	36.041974	0
1	117	32.789788	15.643933	17.777942	33.788337	0
1	118	33.71155	18.657769	16.165475	31.465206	0
1	119	30.496413	16.186104	20.804263	32.51322	0
1	120	33.051848	14.55334	20.18742	32.207392	0
1	121	33.290427	16.989145	18.479651	31.240777	0
1	122	26.58561	16.037287	22.94871	34.428393	0
1	123	24.215592	17.228686	21.130433	37.42529	0
1	124	31.050824	16.084151	20.77871	32.086316	0
1	125	30.117815	15.884104	21.918325	32.079757	0
1	126	24.823114	27.538513	16.52278	31.115593	0
1	127	30.204396	15.601505	11.773483	42.420615	0
1	128	23.291984	20.667547	28.168633	27.871836	0
1	129	27.150341	14.662742	17.207651	40.979265	0
1	130	31.704217	22.82238	20.891545	24.581858	0
1	131	36.234914	13.30267	21.694215	28.768201	0
1	132	29.176505	23.367605	19.750262	27.705628	0
1	133	32.642687	21.549978	14.210047	31.597288	0
1	134	25.726655	20.659544	21.728721	31.88508	0
1	135	39.297486	16.915105	16.943802	26.843607	0
1	136	39.912432	13.871534	15.562224	30.65381	0
1	137	25.927748	20.557223	18.599236	34.915793	0
1	138	29.52395	16.842951	23.017005	30.616094	0
1	139	27.772585	18.410652	21.596071	32.220692	0
1	140	27.352782	22.083928	21.203326	29.359965	0
1	141	38.210262	15.357242	20.989325	25.443171	0
1	142	35.833354	17.773186	16.671996	29.721464	0
1	143	31.888847	21.510684	17.174765	29.425704	0
1	144	32.571049	13.153709	19.210712	35.06453	0
1	145	27.934074	25.300316	13.697675	33.067935	0
1	146	37.069715	17.279466	16.890795	28.760024	0
1	147	26.75517	16.527543	24.161569	32.555718	0
1	148	29.264313	18.561097	21.208816	30.965774	0
1	149	31.324876	22.693541	19.692335	26.289247	0
1	150	29.97376	15.521115	20.96105	33.544075	0
1	151	32.436244	18.055761	14.574006	34.933989	0
1	152	28.159312	16.773405	22.081362	32.98592	0
1	153	33.70699	13.331912	20.84413	32.116968	0
1	154	36.815994	15.794566	15.779806	31.609634	0
1	155	31.479249	23.163341	16.563753	28.793656	0
1	156	27.292184	19.235406	17.143513	36.328897	0
1	157	28.470565	18.729448	23.775903	29.024084	0
1	158	26.402454	20.336704	21.171493	32.08935	0
1	159	33.071744	14.953217	14.674408	37.300631	0
1	160	34.661779	21.768473	13.606731	29.963017	0
1	161	28.304919	17.003288	24.551649	30.140143	0
1	162	34.80721	21.754711	16.206354	27.231726	0
1	163	29.689614	20.068884	21.015212	29.226291	0
1	164	30.517287	16.851178	23.231155	29.400381	0
1	165	34.836768	14.427232	21.634698	29.101301	0
1	166	34.408699	14.741314	17.250683	33.599305	0
1	167	33.559942	22.496576	16.978424	26.965057	0
1	168	33.519759	15.891031	18.891613	31.697596	0
1	169	30.313046	14.884648	18.343161	36.459145	0
1	170	22.01035	15.830524	20.631679	41.527446	0
1	171	23.693491	19.061249	18.33131	38.913949	0
1	172	27.711891	16.882371	18.987747	36.417991	0
1	173	27.474042	19.579909	23.020521	29.925529	0
1	174	28.896216	19.928481	19.079606	32.095697	0
1	175	31.649525	20.281154	15.18216	32.887161	0
1	176	27.447201	15.530859	25.059668	31.962272	0
1	177	25.848281	20.733578	19.233451	34.18469	0
1	178	32.502481	19.944555	19.623041	27.929923	0
1	179	27.87169	18.662599	22.997302	30.46841	0
1	180	31.616676	22.319005	19.310548	26.753771	0
1	181	28.539558	14.94152	19.666672	36.85225	0
1	182	30.654025	20.855137	23.348534	25.142304	0
1	183	30.128526	19.867783	16.682114	33.321577	0
1	184	40.82334	13.370462	17.496186	28.310012	0
1	185	28.600371	21.523483	25.663971	24.212175	0
1	186	29.434538	22.018078	20.659788	27.887597	0
1	187	25.679577	19.75901	21.038601	33.522811	0
1	188	31.768817	17.03934	16.020572	35.171271	0
1	189	29.940694	21.893841	20.52727	27.638195	0
1	190	34.86243	17.788059	13.473938	33.875572	0
1	191	28.852338	20.11813	18.909762	32.11977	0
1	192	24.323216	18.461034	22.876948	34.338802	0
1	193	28.80277	15.706574	20.410507	35.080149	0
1	194	29.967349	18.163024	16.395124	35.474503	0
1	195	33.224224	18.322176	21.748048	26.705552	0
1	196	31.243027	15.674017	24.167323	28.915633	0
1	197	25.570158	21.098313	21.092571	32.238958	0
1	198	25.566895	18.545926	16.163489	39.72369	0
1	199	33.096783	18.167871	15.337474	33.397872	0
1	200	32.076896	17.515733	19.717096	30.690275	0
1	201	31.709318	18.606159	20.5343	29.150223	0
1	202	29.931571	16.063605	19.668849	34.335975	0
1	203	22.923863	20.495926	22.449599	34.130611	0
1	204	25.986888	14.268132	18.900002	40.844978	0
1	205	25.711402	15.510536	17.097447	41.680616	0
1	206	29.440629	14.321936	22.830252	33.407183	0
1	207	23.175705	20.220072	23.74681	32.857412	0
1	208	32.793127	17.089122	17.39109	32.726661	0
1	209	30.087965	13.243234	25.953917	30.714884	0
1	210	30.449767	18.931095	18.658658	31.96048	0
1	211	29.208449	20.725082	19.104397	30.962072	0
1	212	24.600765	17.339034	23.746492	34.313709	0
1	213	29.241071	19.950597	17.775899	33.032432	0
1	214	34.201607	14.997005	14.973205	35.828184	0
1	215	32.709069	16.234715	19.233484	31.822733	0
1	216	29.643734	19.062431	21.976741	29.317094	0
1	217	31.674929	21.134401	17.473983	29.716687	0
1	218	28.195946	19.754739	19.908335	32.14098	0
1	219	29.030112	19.344373	20.437632	31.187883	0
1	220	30.023984	20.44831	14.661673	34.866033	0
1	221	27.445295	15.717407	24.469378	32.36792	0
1	222	24.475932	21.202563	24.94825	29.373254	0
1	223	31.632946	15.733918	17.766989	34.866146	0
1	224	24.512462	16.969787	29.12662	29.391131	0
1	225	30.002547	17.277156	20.311666	32.408632	0
1	226	30.560827	22.985928	13.498616	32.954629	0
1	227	36.770287	12.79513	21.976406	28.458177	0
1	228	31.840588	23.647328	14.941424	29.570661	0
1	229	36.012751	16.433888	17.092788	30.460573	0
1	230	28.553236	20.422634	18.684939	32.339191	0
1	231	34.663544	18.834936	17.318215	29.183305	0
1	232	27.414425	18.504429	20.854354	33.226792	0
1	233	28.366475	16.709942	22.890715	32.032868	0
1	234	29.012483	19.637765	23.890409	27.459343	0
1	235	34.026397	21.471541	14.426127	30.075936	0
1	236	32.658546	17.609396	18.845547	30.886511	0
1	237	29.945983	19.278297	14.301688	36.474032	0
1	238	28.980881	17.107341	17.392807	36.518971	0
1	239	28.017483	18.565831	21.784973	31.631712	0
1	240	29.962538	19.306739	16.098143	34.63258	0
1	241	29.965897	23.327402	15.331389	31.375311	0
1	242	24.103249	19.846825	25.824615	30.225311	0
1	243	34.775039	14.901327	17.500396	32.823238	0
1	244	30.646399	21.898986	20.692618	26.761997	0
1	245	32.228194	11.174461	25.594012	31.003332	0
1	246	30.946218	19.037341	19.596321	30.42012	0
1	247	32.84986	17.42374	18.049962	31.676438	0
1	248	29.181034	16.744113	23.6014	30.473452	0
1	249	33.811331	19.904806	16.937802	29.346061	0
1	250	31.663656	20.592016	22.881562	24.862766	0
1	251	33.388922	15.250454	13.489851	37.870773	0
2	252	27.878276	21.290222	25.446092	25.38541	0
2	253	23.10001	22.790862	27.920097	26.189031	0
2	254	27.469085	20.306196	23.398498	28.826221	0
2	255	29.373175	15.442648	23.956932	31.227244	0
2	256	26.5072	20.427559	20.352937	32.712304	0
2	257	26.328435	17.915013	23.427198	32.329353	0
2	258	27.325581	21.074556	19.617378	31.982484	0
2	259	24.809755	20.07495	23.073769	32.041526	0
2	260	27.158297	19.027782	21.60429	32.20963	0
2	261	24.773674	20.220094	23.289435	31.716797	0
2	262	25.842162	20.186473	25.509233	28.462131	0
2	263	30.748352	13.745203	21.297602	34.208843	0
2	264	33.264998	18.264342	17.944534	30.526126	0
2	265	33.113294	16.260209	22.925345	27.701151	0
2	266	26.967232	22.964706	19.761702	30.30636	0
2	267	34.192443	15.741956	18.539869	31.525732	0
2	268	28.285007	17.80677	20.761308	33.146915	0
2	269	26.198872	22.080723	18.55791	33.162495	0
2	270	27.109096	23.49034	18.369305	31.031259	0
2	271	23.291075	23.139371	23.980713	29.588841	0
2	272	26.813888	17.083511	24.723653	31.378948	0
2	273	25.200905	21.745334	25.056581	27.997179	0
2	274	26.556401	25.75114	18.959721	28.732739	0
2	275	27.578968	21.19346	20.676026	30.551547	0
2	276	27.687211	19.245908	20.991734	32.075147	0
2	277	27.248499	15.935481	23.634664	33.181356	0
2	278	32.000525	17.308197	20.128251	30.563027	0
2	279	32.095647	19.168826	19.459114	29.276413	0
2	280	31.902122	19.852724	19.431233	28.813921	0
2	281	27.65031	13.963329	22.181586	36.204776	0
2	282	27.943878	18.284023	20.147112	33.624988	0
2	283	32.772165	15.282743	16.771083	35.174009	0
2	284	31.317447	16.598878	17.932233	34.151442	0
2	285	24.830256	22.846623	15.231902	37.091219	0
2	286	30.900876	18.630892	20.337357	30.130875	0
2	287	28.490832	20.750648	23.169712	27.588808	0
2	288	30.985338	17.286876	17.576344	34.151442	0
2	289	34.647555	14.848952	15.305704	35.197789	0
2	290	28.187424	23.404238	17.091711	31.316627	0
2	291	22.489914	17.685407	21.901958	37.922721	0
2	292	29.91111	17.318037	19.448453	33.3224	0
2	293	26.284154	21.818316	17.873192	34.024338	0
2	294	32.543379	15.197461	21.830616	30.428543	0
2	295	26.734346	17.003969	23.982353	32.279332	0
2	296	32.492538	13.560698	22.374291	31.572474	0
2	297	27.64949	22.554695	19.819103	29.976711	0
2	298	32.165349	19.546036	22.985207	25.303408	0
2	299	32.696723	16.313511	21.930659	29.059107	0
2	300	27.628169	18.041296	17.756749	36.573786	0
2	301	35.278971	19.154886	18.161019	27.405123	0
2	302	29.762422	18.942258	19.904214	31.391105	0
2	303	33.521688	20.650685	17.850787	27.97684	0
2	304	26.010646	18.657065	21.813872	33.518417	0
2	305	31.524859	16.934042	17.013598	34.5275	0
2	306	33.170664	15.485876	20.152718	31.190742	0
2	307	29.133619	14.933441	24.908752	31.024188	0
2	308	36.069837	13.731201	19.659017	30.539944	0
2	309	27.94376	20.036279	21.220677	30.799284	0
2	310	33.0901	16.811813	20.946229	29.151858	0
2	311	24.206681	18.043996	20.069769	37.679553	0
2	312	26.620099	22.432262	16.958196	33.989444	0
2	313	24.217551	19.313956	24.801156	31.667337	0
2	314	26.414893	19.017639	16.99267	37.574797	0
2	315	23.871985	20.048593	21.700909	34.378514	0
2	316	27.541882	18.701623	21.438245	32.318249	0
2	317	25.971649	20.717563	17.736335	35.574453	0
2	318	27.340185	21.876744	20.44768	30.335391	0
2	319	30.772893	20.795712	18.048396	30.382999	0
2	320	31.862954	17.956463	19.276357	30.904226	0
2	321	32.18554	17.137276	17.005122	33.672062	0
2	322	26.416751	20.959878	21.391634	31.231737	0
2	323	26.930591	15.292872	19.809896	37.966641	0
2	324	31.23938	15.65827	20.149064	32.953286	0
2	325	32.312213	17.973848	19.440682	30.273256	0
2	326	28.673447	18.225845	19.8511	33.249608	0
2	327	33.314454	19.284723	18.249649	29.151173	0
2	328	25.275393	21.290201	20.808366	32.62604	0
2	329	28.580106	23.513043	19.314432	28.592419	0
2	330	31.37918	16.39059	18.074959	34.155271	0
2	331	33.160954	21.527778	17.783031	27.528237	0
2	332	30.261689	22.461912	17.730496	29.545902	0
2	333	37.29345	20.544561	17.362074	24.799915	0
2	334	33.593282	15.390046	18.497115	32.519558	0
2	335	33.663066	18.322716	16.364845	31.649373	0
2	336	26.227301	27.199291	13.896004	32.677405	0
2	337	27.550283	16.976439	19.657664	35.815614	0
2	338	31.77023	16.465122	18.039718	33.72493	0
2	339	29.948605	16.476741	18.401997	35.172657	0
2	340	34.599814	16.754666	23.675286	24.970233	0
2	341	31.295165	19.00785	18.01915	31.677835	0
2	342	28.802884	17.966594	18.606294	34.624228	0
2	343	25.028127	20.569758	24.444244	29.957872	0
2	344	30.913391	20.260171	17.387448	31.43899	0
2	345	29.487706	16.003646	24.346698	30.16195	0
2	346	30.578506	15.222319	21.81633	32.382845	0
2	347	29.850771	20.176743	18.310761	31.661725	0
2	348	32.358642	17.069685	20.119427	30.452246	0
2	349	29.142162	17.754706	24.195059	28.908072	0
2	350	30.37118	16.982759	17.61604	35.030021	0
2	351	31.584524	19.397076	21.629703	27.388697	0
2	352	27.147422	15.501195	24.774312	32.577071	0
2	353	30.289066	19.708059	15.855492	34.147383	0
2	354	31.39576	19.192002	18.253883	31.158355	0
2	355	33.068544	16.586436	25.353235	24.991785	0
2	356	31.632041	17.589603	17.120536	33.657819	0
2	357	33.20463	14.746934	22.107667	29.940769	0
2	358	28.934073	17.817211	23.561306	29.68741	0
2	359	24.369064	19.635405	20.662318	35.333213	0
2	360	24.3138	26.135178	21.006236	28.544787	0
2	361	32.138779	17.200273	17.176447	33.484501	0
2	362	37.791452	20.208186	16.589165	25.411196	0
2	363	33.570777	18.611816	15.265419	32.551987	0
2	364	32.756014	15.175989	21.919778	30.148219	0
2	365	24.61096	16.255032	21.468244	37.665763	0
2	366	30.459789	17.403129	16.452493	35.684589	0
2	367	30.841536	13.782394	18.985917	36.390153	0
2	368	32.179979	15.92812	18.393959	33.497942	0
2	369	33.139965	18.103236	16.584773	32.172027	0
2	370	30.362939	16.2587	20.683478	32.694883	0
2	371	32.253346	15.394539	19.842398	32.509717	0
2	372	33.497399	17.233502	17.948381	31.320718	0
2	373	26.829529	16.188434	23.36275	33.619287	0
2	374	24.373649	17.123676	20.68005	37.822625	0
2	375	30.847104	16.989737	21.117201	31.045958	0
2	376	30.242572	16.170622	21.25871	32.328096	0
2	377	25.401821	26.988562	17.224888	30.384729	0
2	378	30.024734	15.940112	12.50113	41.534024	0
2	379	24.294742	20.686482	27.097697	27.92108	0
2	380	28.2648	15.025638	17.093153	39.616409	0
2	381	31.884856	22.472492	20.441117	25.201535	0
2	382	35.602469	14.303441	20.935813	29.158278	0
2	383	29.660369	22.639308	19.69743	28.002893	0
2	384	32.902987	20.890003	14.783252	31.423758	0
2	385	26.147841	21.164482	21.46115	31.226528	0
2	386	38.226883	17.183031	17.276717	27.313369	0
2	387	39.703659	14.195786	15.573124	30.527432	0
2	388	26.692088	20.003452	18.631044	34.673416	0
2	389	29.865306	16.6227	22.115661	31.396333	0
2	390	28.132936	18.98704	21.007043	31.872981	0
2	391	27.809143	21.370282	21.682569	29.138006	0
2	392	36.875324	16.151804	20.227148	26.745725	0
2	393	35.079717	18.454964	17.02334	29.441979	0
2	394	31.766369	20.581201	17.522333	30.130096	0
2	395	32.425747	13.375466	19.397919	34.800868	0
2	396	27.988856	25.178957	13.909778	32.922409	0
2	397	36.144875	16.871718	17.866154	29.117253	0
2	398	26.970586	16.951437	23.710315	32.367662	0
2	399	29.93417	17.979569	21.455164	30.631097	0
2	400	30.958956	22.284136	19.096931	27.659977	0
2	401	29.440965	15.579335	20.81217	34.16753	0
2	402	31.531798	19.136381	15.202919	34.128902	0
2	403	27.759057	17.055691	22.247518	32.937734	0
2	404	33.794135	13.402426	20.376093	32.427346	0
2	405	36.490729	16.324216	15.4785	31.706555	0
2	406	32.608428	21.629641	16.479687	29.282245	0
2	407	27.438974	19.352347	17.586915	35.621764	0
2	408	29.953891	18.78899	22.782677	28.474443	0
2	409	26.780695	20.294906	21.464501	31.459898	0
2	410	32.607838	15.309377	15.696508	36.386277	0
2	411	33.646765	21.589788	14.420864	30.342583	0
2	412	28.876724	16.806398	23.661456	30.655422	0
2	413	34.496137	21.307743	15.817853	28.378267	0
2	414	29.693408	19.979451	20.771001	29.55614	0
2	415	30.475345	16.9186	23.051316	29.554739	0
2	416	34.413684	15.515626	20.804222	29.266468	0
2	417	34.173667	15.196699	16.972168	33.657466	0
2	418	32.029953	22.768745	17.156291	28.045011	0
2	419	33.48677	16.638582	18.432149	31.442498	0
2	420	30.122156	15.710082	18.287189	35.880573	0
2	421	23.168677	15.746381	21.166983	39.917959	0
2	422	23.371285	19.095729	18.247359	39.285626	0
2	423	27.914012	16.325373	18.849932	36.910683	0
2	424	27.244852	20.489128	22.48921	29.77681	0
2	425	29.602197	19.539143	18.772145	32.086515	0
2	426	31.454596	20.312063	15.568636	32.664705	0
2	427	27.806643	16.306314	24.46317	31.423874	0
2	428	26.639701	20.86108	18.990776	33.508443	0
2	429	32.957077	20.14272	19.91006	26.990143	0
2	430	28.281209	18.958827	22.571363	30.188602	0
2	431	31.234019	22.382366	18.395587	27.988029	0
2	432	29.037032	16.088108	19.118759	35.756101	0
2	433	29.54424	20.575394	23.354519	26.525847	0
2	434	30.092585	18.980743	17.108487	33.818185	0
2	435	39.46782	13.750175	17.616538	29.165468	0
2	436	28.876737	21.019653	25.018502	25.085108	0
2	437	29.521906	21.672916	20.175482	28.629695	0
2	438	26.73273	19.850329	21.000822	32.416118	0
2	439	31.775978	16.948065	16.615815	34.660142	0
2	440	30.079201	21.336634	20.799579	27.784586	0
2	441	34.509562	18.507917	13.774213	33.208308	0
2	442	28.447219	20.453405	19.542811	31.556565	0
2	443	25.003907	17.843129	23.44178	33.711183	0
2	444	28.44439	16.076834	20.708292	34.770484	0
2	445	29.626674	17.355787	16.862187	36.155352	0
2	446	32.357345	18.4201	21.089739	28.132816	0
2	447	30.80752	15.7489	24.055288	29.388292	0
2	448	25.142956	20.135592	21.545816	33.175636	0
2	449	25.64303	18.103576	16.014449	40.238945	0
2	450	32.246332	18.934064	15.390819	33.428785	0
2	451	30.842683	17.988821	19.597303	31.571192	0
2	452	31.094208	18.102341	20.948994	29.854457	0
2	453	30.290433	16.244628	19.783657	33.681282	0
2	454	23.332318	20.350536	22.069465	34.247681	0
2	455	26.216174	14.753801	19.165699	39.864325	0
2	456	26.110832	15.72413	17.496686	40.668352	0
2	457	29.098124	14.409096	23.372689	33.120091	0
2	458	23.600705	19.740807	23.44509	33.213398	0
2	459	32.59613	17.539728	17.572664	32.291478	0
2	460	31.00555	13.28574	25.548804	30.159906	0
2	461	30.010952	18.686748	18.119385	33.182915	0
2	462	29.78762	20.224321	19.68987	30.298189	0
2	463	26.059493	17.224482	23.233904	33.482121	0
2	464	28.850034	20.113489	17.814876	33.221601	0
2	465	33.949133	15.255242	15.124286	35.671339	0
2	466	32.563197	16.366437	19.18835	31.882017	0
2	467	29.533248	19.19484	22.087123	29.18479	0
2	468	31.289956	21.293581	18.434884	28.981579	0
2	469	28.387326	19.329997	20.193267	32.089411	0
2	470	28.812092	18.841117	20.081305	32.265486	0
2	471	30.307503	19.993898	15.496384	34.202215	0
2	472	28.517587	15.771721	24.435281	31.275411	0
2	473	24.603469	20.891792	24.319732	30.185006	0
2	474	32.122117	15.598707	18.018115	34.261062	0
2	475	26.012886	17.158226	27.382376	29.446512	0
2	476	30.293829	16.906917	20.490457	32.308797	0
2	477	30.330439	22.26587	14.556168	32.847523	0
2	478	35.651542	13.460141	21.94538	28.942936	0
2	479	31.462438	23.212324	15.670921	29.654318	0
2	480	35.069206	17.106144	17.356526	30.468124	0
2	481	29.632447	19.828541	18.298309	32.240704	0
2	482	33.922042	18.967457	17.222838	29.887663	0
2	483	27.912848	18.912923	19.838412	33.335817	0
2	484	27.869233	16.543085	22.705318	32.882364	0
2	485	29.317252	18.703186	24.334547	27.645014	0
2	486	33.111846	21.884084	15.104902	29.899168	0
2	487	31.283229	18.484221	18.827014	31.405536	0
2	488	30.769552	18.456054	14.334021	36.440374	0
2	489	29.729254	17.817609	17.325725	35.127412	0
2	490	28.857975	18.031393	21.77274	31.337892	0
2	491	29.626526	19.41778	16.431341	34.524354	0
2	492	30.724104	22.661073	15.876224	30.7386	0
2	493	24.988164	19.55805	25.188737	30.265049	0
2	494	34.306492	14.416456	18.661291	32.61576	0
2	495	32.029863	21.017563	20.293281	26.659293	0
2	496	33.033096	11.557167	25.191709	30.218029	0
2	497	29.999713	18.984619	19.624131	31.391536	0
2	498	33.342019	16.479089	17.972359	32.206532	0
2	499	30.825601	16.057472	22.356737	30.760191	0
2	500	33.610492	19.97428	16.412235	30.002993	0
2	501	32.059867	20.221729	22.627494	25.090909	0
2	502	33.698821	14.470227	14.177541	37.653411	0


