## htsjdk.samtools.metrics.StringHeader
# CollectMultipleMetrics --INPUT SRX17852074.ivar_trim.sorted.bam --OUTPUT SRX17852074.CollectMultipleMetrics --TMP_DIR tmp --VALIDATION_STRINGENCY LENIENT --REFERENCE_SEQUENCE SRX17852074.fasta --ASSUME_SORTED true --STOP_AFTER 0 --METRIC_ACCUMULATION_LEVEL ALL_READS --PROGRAM CollectAlignmentSummaryMetrics --PROGRAM CollectBaseDistributionByCycle --PROGRAM CollectInsertSizeMetrics --PROGRAM MeanQualityByCycle --PROGRAM QualityScoreDistribution --INCLUDE_UNPAIRED false --VERBOSITY INFO --QUIET false --COMPRESSION_LEVEL 5 --MAX_RECORDS_IN_RAM 500000 --CREATE_INDEX false --CREATE_MD5_FILE false --help false --version false --showHidden false --USE_JDK_DEFLATER false --USE_JDK_INFLATER false
## htsjdk.samtools.metrics.StringHeader
# Started on: Wed May 22 17:24:06 GMT 2024

## METRICS CLASS	picard.analysis.BaseDistributionByCycleMetrics
READ_END	CYCLE	PCT_A	PCT_C	PCT_G	PCT_T	PCT_N
1	1	27.343167	22.113012	24.25673	26.287092	0
1	2	23.893704	24.108936	27.11502	24.882339	0
1	3	28.252884	19.871721	24.424611	27.450783	0
1	4	29.961832	14.265626	23.448889	32.323653	0
1	5	27.831028	19.789933	20.345233	32.033806	0
1	6	26.208173	18.39379	23.24944	32.148597	0
1	7	26.11634	20.873271	18.920393	34.089996	0
1	8	23.404408	20.429892	22.275154	33.890547	0
1	9	26.952878	18.233083	22.085749	32.72829	0
1	10	24.143374	20.366757	23.032773	32.457097	0
1	11	25.959938	20.183091	25.3702	28.48677	0
1	12	29.877174	13.631407	22.589393	33.902026	0
1	13	34.135912	16.376342	17.976238	31.511508	0
1	14	33.749928	15.763646	22.557826	27.9286	0
1	15	27.475176	23.305401	19.579005	29.640418	0
1	16	35.28095	14.079091	19.566091	31.073868	0
1	17	28.109396	17.864317	20.231877	33.79441	0
1	18	27.559835	22.097228	17.58308	32.759858	0
1	19	28.390633	22.948115	16.27303	32.388222	0
1	20	22.531998	24.486311	24.664237	28.317454	0
1	21	24.991391	17.037824	26.157952	31.812834	0
1	22	25.387419	21.336739	25.30563	27.970212	0
1	23	27.136544	26.49802	17.789703	28.575733	0
1	24	27.721977	21.127246	21.718418	29.43236	0
1	25	27.505309	18.418183	20.778569	33.29794	0
1	26	26.211043	15.445101	24.100327	34.243529	0
1	27	33.196063	18.347874	19.57183	28.884233	0
1	28	31.42398	19.494347	20.805831	28.275842	0
1	29	33.03679	20.416978	18.692246	27.853986	0
1	30	27.371865	12.232394	22.675486	37.720255	0
1	31	27.648798	18.049417	19.19876	35.103025	0
1	32	33.092751	14.314412	15.878437	36.714401	0
1	33	31.967801	17.08661	17.887275	33.058314	0
1	34	24.015669	23.975492	14.351719	37.65712	0
1	35	29.791081	17.848534	20.685301	31.675085	0
1	36	28.545601	20.581989	23.054296	27.818114	0
1	37	30.253114	18.63772	15.887046	35.22212	0
1	38	34.919359	14.304368	15.772255	35.004018	0
1	39	28.448028	24.589623	16.610228	30.352121	0
1	40	21.721288	18.248866	20.399759	39.630087	0
1	41	28.159617	17.08087	20.614992	34.144522	0
1	42	25.721747	22.685531	17.406589	34.186133	0
1	43	33.006658	15.199736	20.929231	30.864375	0
1	44	26.43632	17.372152	23.232222	32.959307	0
1	45	32.73403	12.586811	23.955404	30.723756	0
1	46	26.654422	22.184756	21.035413	30.125409	0
1	47	31.534466	19.57183	22.686966	26.206738	0
1	48	32.620674	15.449406	22.242151	29.687769	0
1	49	28.014693	17.733743	16.96034	37.291224	0
1	50	36.872238	19.391035	17.558687	26.178041	0
1	51	29.274522	19.241807	18.654939	32.828732	0
1	52	33.309419	20.352408	17.862882	28.475291	0
1	53	25.606956	18.310566	21.046892	35.035585	0
1	54	31.571773	16.813982	16.758021	34.856225	0
1	55	33.310853	15.26861	19.820065	31.600471	0
1	56	28.878908	14.858447	26.187026	30.07562	0
1	57	37.880614	12.555603	19.701535	29.862247	0
1	58	26.628306	20.869865	21.237211	31.264619	0
1	59	34.090029	15.234829	21.679175	28.995968	0
1	60	25.286993	17.414763	20.311962	36.986282	0
1	61	27.1955	22.025313	16.543738	34.235449	0
1	62	23.572208	19.640397	24.613994	32.173401	0
1	63	25.496499	19.841293	17.274136	37.388073	0
1	64	23.069969	19.918781	22.274997	34.736253	0
1	65	27.043393	19.330444	21.04236	32.583802	0
1	66	26.271381	22.427104	16.083113	35.218402	0
1	67	27.894329	22.754276	19.432327	29.919068	0
1	68	32.140397	19.650442	17.086155	31.123005	0
1	69	30.748479	17.409023	20.320572	31.521926	0
1	70	30.590633	17.271266	17.582654	34.555447	0
1	71	26.628688	19.994834	20.835725	32.540753	0
1	72	26.763575	15.194869	20.888819	37.152738	0
1	73	31.503272	13.765641	19.815463	34.915624	0
1	74	33.215188	17.017277	19.471071	30.296464	0
1	75	27.892894	18.85547	19.782459	33.469177	0
1	76	32.259499	19.693491	18.186775	29.860234	0
1	77	23.48037	23.02405	21.072495	32.423086	0
1	78	28.198542	21.556079	21.779933	28.465446	0
1	79	32.22793	16.136207	17.397543	34.238319	0
1	80	32.368557	22.130065	18.795201	26.706176	0
1	81	30.49449	23.864941	17.437722	28.202847	0
1	82	36.980542	21.172942	16.476294	25.370222	0
1	83	33.906842	14.755769	18.505338	32.832051	0
1	84	34.154637	18.557529	15.295755	31.992079	0
1	85	25.43302	28.216976	12.921002	33.429002	0
1	86	27.978762	16.406687	20.413288	35.201263	0
1	87	32.147982	15.412433	19.106251	33.333333	0
1	88	30.64162	15.239011	17.746079	36.37329	0
1	89	34.280015	17.386126	24.839987	23.493872	0
1	90	31.527963	19.263501	16.361705	32.846831	0
1	91	29.371412	17.808553	19.140356	33.679679	0
1	92	24.264083	21.307499	24.54826	29.880158	0
1	93	31.315393	20.690348	17.637603	30.356656	0
1	94	29.280055	14.836663	25.0732	30.810082	0
1	95	31.387521	14.678991	21.786683	32.146804	0
1	96	30.69945	19.85388	17.653476	31.793194	0
1	97	32.05776	17.175748	19.954642	30.81185	0
1	98	30.605595	17.058292	22.541519	29.794594	0
1	99	29.669131	16.685567	18.557382	35.087921	0
1	100	31.344291	18.810019	20.653126	29.192564	0
1	101	27.793009	15.824302	23.279983	33.102706	0
1	102	29.425951	21.092976	16.012805	33.468269	0
1	103	30.381982	18.754576	18.906737	31.956706	0
1	104	33.75393	15.768773	26.546373	23.930925	0
1	105	30.490081	16.548477	18.733312	34.22813	0
1	106	31.968649	13.709052	23.906865	30.415435	0
1	107	28.214809	17.649508	23.860928	30.274755	0
1	108	24.298757	19.855876	20.107089	35.738279	0
1	109	23.344483	28.074532	21.956331	26.624654	0
1	110	33.137624	17.279396	17.536355	32.046626	0
1	111	38.962102	19.926787	15.977606	25.133506	0
1	112	32.237503	20.287691	13.862012	33.612794	0
1	113	31.999655	16.117547	22.505994	29.376803	0
1	114	21.806044	16.703754	22.353026	39.137176	0
1	115	31.999139	17.296676	15.266671	35.437513	0
1	116	32.111119	13.632905	18.575838	35.680138	0
1	117	32.902161	15.29682	19.069701	32.731319	0
1	118	33.159134	17.703727	16.367082	32.770057	0
1	119	31.126075	15.846602	21.510718	31.516605	0
1	120	34.01341	14.29597	19.774871	31.915749	0
1	121	32.81167	18.096455	18.224239	30.867636	0
1	122	26.409568	15.675746	23.140318	34.774369	0
1	123	25.446531	17.476453	20.553354	36.523662	0
1	124	30.016655	17.259649	20.689754	32.033942	0
1	125	30.467931	15.669017	23.139547	30.723506	0
1	126	24.446136	27.863368	16.975606	30.714891	0
1	127	29.844789	14.829067	12.389622	42.936523	0
1	128	23.90627	20.954241	27.069364	28.070125	0
1	129	27.909314	14.689793	17.559981	39.840912	0
1	130	31.249013	23.040476	21.847316	23.863196	0
1	131	36.484507	13.374781	20.640094	29.500617	0
1	132	29.257962	23.803233	20.569738	26.369066	0
1	133	33.145228	20.613997	14.636283	31.604492	0
1	134	26.037823	21.391135	21.889404	30.681639	0
1	135	39.759624	17.499749	16.21315	26.527477	0
1	136	40.434514	13.598311	16.088224	29.878951	0
1	137	24.596143	20.687526	19.392312	35.324019	0
1	138	29.403656	17.176663	22.901739	30.517942	0
1	139	28.127513	18.508041	21.453188	31.911258	0
1	140	27.392303	21.487651	22.152499	28.967547	0
1	141	37.209937	15.564331	22.275991	24.949742	0
1	142	35.242253	18.952296	16.314369	29.491082	0
1	143	32.874293	21.157988	16.660444	29.307275	0
1	144	31.656567	12.511847	19.734915	36.096671	0
1	145	28.182889	24.203739	13.347598	34.265774	0
1	146	36.529956	17.897352	16.319145	29.253547	0
1	147	26.175056	16.158541	24.935736	32.730667	0
1	148	28.467007	18.683133	21.601206	31.248654	0
1	149	31.390824	23.989373	19.28197	25.337833	0
1	150	30.252028	15.786602	20.57586	33.38551	0
1	151	33.413275	18.202315	14.187035	34.197375	0
1	152	26.946607	16.456042	23.096476	33.500876	0
1	153	32.584657	14.278944	20.438292	32.698107	0
1	154	36.401758	15.809806	15.601574	32.186863	0
1	155	31.823991	22.984792	16.635791	28.555426	0
1	156	27.116453	18.805739	17.597978	36.47983	0
1	157	28.167679	18.473999	24.160958	29.197363	0
1	158	26.721909	19.844324	21.335018	32.098748	0
1	159	31.924977	15.66952	15.319106	37.086397	0
1	160	34.494198	21.672507	14.035214	29.798081	0
1	161	28.8804	17.367015	23.0598	30.692785	0
1	162	35.570875	20.899038	14.628752	28.901336	0
1	163	30.178084	20.252765	20.412179	29.156973	0
1	164	29.148356	16.619273	24.309924	29.922447	0
1	165	35.658481	14.186414	20.975154	29.179951	0
1	166	35.203723	14.654813	16.046475	34.094989	0
1	167	31.976619	23.046432	16.780365	28.196585	0
1	168	33.852274	15.595513	19.728849	30.823364	0
1	169	30.013645	14.566607	17.961939	37.45781	0
1	170	21.740754	15.646679	21.538241	41.074327	0
1	171	23.687575	18.338767	18.288497	39.685162	0
1	172	27.121784	16.847881	18.424946	37.605389	0
1	173	28.102782	19.47345	22.866007	29.557761	0
1	174	29.396895	19.750657	20.101116	30.751332	0
1	175	31.404852	20.437212	14.558407	33.599529	0
1	176	27.421973	15.18751	25.178461	32.212056	0
1	177	25.335019	21.8807	19.713313	33.070968	0
1	178	32.911538	20.333798	19.239332	27.515333	0
1	179	28.700698	18.534371	22.169716	30.595214	0
1	180	30.61245	22.050501	19.367441	27.969607	0
1	181	28.2698	14.4868	19.870156	37.373244	0
1	182	31.18312	20.80694	24.19385	23.81609	0
1	183	29.577708	20.064637	16.276932	34.080724	0
1	184	40.485493	13.345303	17.826774	28.34243	0
1	185	29.079705	22.041397	25.143998	23.7349	0
1	186	29.164871	21.705593	21.422621	27.706915	0
1	187	24.275331	19.413083	21.797524	34.514062	0
1	188	30.321181	16.961131	16.742796	35.974892	0
1	189	30.420731	20.268038	20.507922	28.80331	0
1	190	35.194231	17.778129	13.712504	33.315136	0
1	191	28.878864	20.31663	19.017929	31.786576	0
1	192	23.67147	18.799833	23.102562	34.426135	0
1	193	30.175126	15.90501	20.039651	33.880213	0
1	194	28.858559	17.452769	17.040442	36.648229	0
1	195	32.241937	17.974283	22.142087	27.641692	0
1	196	31.378944	16.468881	23.005862	29.146313	0
1	197	24.700085	22.149907	21.899918	31.25009	0
1	198	24.971264	17.814655	15.297414	41.916667	0
1	199	33.046452	19.125275	14.653946	33.174327	0
1	200	32.020462	18.027675	18.79212	31.159743	0
1	201	31.628181	18.983231	20.263532	29.125056	0
1	202	31.572595	15.947235	18.91453	33.56564	0
1	203	22.777043	20.824233	22.14335	34.255374	0
1	204	26.393838	13.787504	19.712036	40.106621	0
1	205	25.108853	15.59873	17.402176	41.890241	0
1	206	30.239409	14.245272	21.467782	34.047537	0
1	207	23.303538	21.162303	23.930101	31.604058	0
1	208	33.110584	16.582597	16.509305	33.797514	0
1	209	31.086169	13.271729	25.395206	30.246896	0
1	210	30.346493	18.40392	18.102123	33.147464	0
1	211	29.672477	20.009198	19.754825	30.5635	0
1	212	24.321644	17.055188	23.641851	34.981316	0
1	213	29.347514	19.208106	19.350388	32.093993	0
1	214	33.727615	15.210268	15.457472	35.604645	0
1	215	32.85279	15.694081	20.037658	31.415471	0
1	216	28.833024	17.958116	22.275883	30.932977	0
1	217	30.633454	21.388222	18.28348	29.694844	0
1	218	27.38335	19.594672	19.600426	33.421552	0
1	219	27.797595	20.188712	21.104942	30.908751	0
1	220	29.439602	20.176347	14.700383	35.683668	0
1	221	26.692654	16.941644	23.617324	32.748378	0
1	222	24.985256	20.166568	25.983516	28.86466	0
1	223	31.257192	15.020138	17.827963	35.894707	0
1	224	24.079002	17.020297	29.197175	29.703526	0
1	225	30.575695	16.255251	20.625468	32.543587	0
1	226	31.198032	23.170872	12.808931	32.822165	0
1	227	37.07023	13.380039	21.676209	27.873522	0
1	228	32.860513	23.16003	14.532743	29.446714	0
1	229	36.604805	16.130053	17.337074	29.928068	0
1	230	29.278644	19.622202	18.707199	32.391955	0
1	231	34.989282	18.27298	18.104651	28.633087	0
1	232	26.238778	18.669429	20.752762	34.339031	0
1	233	27.713669	16.692086	22.174101	33.420144	0
1	234	30.35095	19.150467	24.149244	26.349339	0
1	235	34.249572	21.363708	14.586901	29.799819	0
1	236	33.534365	17.640878	19.002519	29.822238	0
1	237	28.446761	18.719219	14.105297	38.728723	0
1	238	28.285245	17.376704	17.807627	36.530424	0
1	239	27.357157	18.571717	23.097113	30.974013	0
1	240	28.314409	18.701216	17.085311	35.899064	0
1	241	29.37898	24.371544	14.77829	31.471187	0
1	242	25.330925	19.736994	23.903179	31.028902	0
1	243	34.283371	15.712235	17.446322	32.558071	0
1	244	30.721265	23.121277	20.120896	26.036562	0
1	245	32.992651	10.737375	24.433383	31.83659	0
1	246	28.878299	18.747959	20.94059	31.433152	0
1	247	33.208044	17.442609	18.895162	30.454185	0
1	248	29.817786	16.031447	22.697807	31.45296	0
1	249	33.436011	19.012153	16.655173	30.896664	0
1	250	31.839149	21.488667	21.34921	25.322974	0
1	251	33.947893	14.747893	13.238314	38.0659	0
2	252	27.389313	21.725331	24.702368	26.182988	0
2	253	23.488863	23.92831	27.094912	25.487915	0
2	254	27.788549	20.564962	23.531946	28.114543	0
2	255	29.352462	15.330375	22.696135	32.621027	0
2	256	27.351974	20.144185	20.593684	31.910158	0
2	257	26.985768	17.787543	23.399825	31.826864	0
2	258	26.975716	20.870851	18.769836	33.383597	0
2	259	24.396479	20.273434	21.544383	33.785705	0
2	260	27.449629	18.616173	22.061379	31.872819	0
2	261	24.555886	20.570706	22.512315	32.361093	0
2	262	26.233251	20.145621	25.100168	28.52096	0
2	263	30.848879	13.866988	21.527149	33.756983	0
2	264	33.535824	16.877055	18.489797	31.097325	0
2	265	32.978616	15.903379	22.821076	28.296928	0
2	266	27.043212	23.35387	19.944567	29.658352	0
2	267	34.8556	14.821995	19.194922	31.127483	0
2	268	27.972369	17.977109	19.928769	34.121753	0
2	269	27.583186	21.920641	17.784671	32.711502	0
2	270	28.341447	22.743527	16.607068	32.307957	0
2	271	22.849798	23.809113	24.086281	29.254807	0
2	272	25.393133	17.554895	26.081025	30.970948	0
2	273	25.798113	21.588902	24.629127	27.983858	0
2	274	27.407982	26.369681	17.500323	28.722014	0
2	275	27.159536	20.958454	21.771287	30.110723	0
2	276	27.75121	18.206885	20.870851	33.171054	0
2	277	27.024543	15.887582	23.632473	33.455402	0
2	278	33.214137	18.452458	19.822498	28.510907	0
2	279	31.497997	19.04844	21.058981	28.394583	0
2	280	32.793359	20.467307	18.436661	28.302673	0
2	281	27.303146	12.91629	22.48072	37.299843	0
2	282	27.949392	17.844987	19.242313	34.963308	0
2	283	33.565982	14.335157	16.084328	36.014533	0
2	284	31.83548	17.126937	17.745896	33.291686	0
2	285	23.922565	23.786136	15.083366	37.207933	0
2	286	29.126994	17.708558	20.751655	32.412793	0
2	287	28.367297	19.905792	23.375411	28.3515	0
2	288	30.03461	18.499849	16.381601	35.08394	0
2	289	34.513808	14.820559	15.629084	35.036549	0
2	290	28.767969	24.249996	17.231772	29.750262	0
2	291	22.902934	18.008703	20.836385	38.251978	0
2	292	28.667442	17.675527	20.159982	33.497049	0
2	293	25.855557	22.350035	17.068057	34.726351	0
2	294	32.733043	15.035974	21.336148	30.894834	0
2	295	26.556374	18.722445	22.568322	32.152859	0
2	296	33.285942	12.689386	22.981919	31.042753	0
2	297	26.300748	22.319877	20.629587	30.749788	0
2	298	32.08249	19.078598	23.019258	25.819654	0
2	299	32.622463	15.560151	22.38881	29.428576	0
2	300	27.324688	17.658294	17.34666	37.670357	0
2	301	36.198354	19.470653	18.05035	26.280643	0
2	302	29.228361	19.067657	19.173931	32.530051	0
2	303	33.056154	20.787017	18.336924	27.819905	0
2	304	25.90018	18.000718	21.496589	34.602513	0
2	305	31.258887	16.889048	17.318492	34.533573	0
2	306	33.275404	15.704129	19.39246	31.628007	0
2	307	28.591948	15.671996	25.332874	30.403183	0
2	308	36.368731	13.165685	20.001437	30.464147	0
2	309	26.338792	20.602654	21.466669	31.591886	0
2	310	32.694049	16.070273	21.680061	29.555616	0
2	311	24.61722	17.634458	20.420662	37.327659	0
2	312	27.768593	21.79795	16.526015	33.907443	0
2	313	23.504802	20.208178	23.790902	32.496118	0
2	314	25.842487	19.65898	17.830238	36.668296	0
2	315	23.716483	19.709582	21.837395	34.736539	0
2	316	26.941269	19.006542	21.713752	32.338437	0
2	317	26.916165	21.454143	17.228588	34.401104	0
2	318	27.370494	22.104007	20.393082	30.132417	0
2	319	31.184852	19.445603	17.24009	32.129455	0
2	320	31.134531	17.225713	20.34276	31.296997	0
2	321	30.570932	17.506075	17.500323	34.42267	0
2	322	26.660245	20.347073	20.887668	32.105013	0
2	323	26.628614	15.776458	20.48366	37.111268	0
2	324	30.903052	14.765718	19.993386	34.337843	0
2	325	32.27323	17.544894	19.767659	30.414216	0
2	326	27.397812	19.169554	19.605193	33.827441	0
2	327	32.520524	20.048021	18.319842	29.111613	0
2	328	24.198812	22.610096	20.894857	32.296235	0
2	329	28.460311	22.811381	20.641813	28.086495	0
2	330	32.425632	16.110017	17.471568	33.992782	0
2	331	32.25454	21.974609	18.515377	27.255474	0
2	332	30.36102	23.666844	17.75193	28.220206	0
2	333	37.516714	20.447716	17.045994	24.989576	0
2	334	32.933159	15.011574	18.246517	33.80875	0
2	335	33.73927	18.03281	16.101853	32.126066	0
2	336	25.551034	28.288594	13.716553	32.443818	0
2	337	28.087707	16.782171	19.959741	35.170381	0
2	338	32.361822	15.530281	18.703629	33.404268	0
2	339	30.839576	15.317699	18.468086	35.374639	0
2	340	34.589667	16.764211	24.17279	24.473332	0
2	341	31.128847	18.666954	16.915444	33.288755	0
2	342	28.931966	18.237248	18.973526	33.85726	0
2	343	24.736456	21.066256	24.118045	30.079243	0
2	344	31.353458	20.234996	18.497692	29.913854	0
2	345	29.725298	15.721271	24.598015	29.955415	0
2	346	31.466007	14.691711	21.414086	32.428195	0
2	347	31.278496	19.603895	17.50543	31.612179	0
2	348	31.87153	17.101516	20.03567	30.991284	0
2	349	30.463862	17.989213	22.409205	29.13772	0
2	350	30.108022	16.800196	18.267336	34.824447	0
2	351	31.235706	19.033989	20.686679	29.043626	0
2	352	27.31614	15.573264	23.85973	33.250867	0
2	353	29.219948	20.675767	16.559025	33.54526	0
2	354	30.9144	19.634355	18.093813	31.357432	0
2	355	33.194287	16.248328	26.507099	24.050287	0
2	356	30.78782	16.514434	18.082306	34.61544	0
2	357	32.56376	14.345718	23.37922	29.711302	0
2	358	28.317438	17.649851	23.697119	30.335592	0
2	359	25.319697	19.798904	20.050634	34.830766	0
2	360	23.730545	27.195834	22.093559	26.980063	0
2	361	32.611698	17.552289	17.194108	32.641906	0
2	362	38.132229	19.499108	15.754646	26.614017	0
2	363	32.879708	19.401847	14.106511	33.611934	0
2	364	32.147481	16.110424	22.585378	29.156717	0
2	365	23.259293	16.273449	21.888307	38.57895	0
2	366	32.238063	17.615917	15.171699	34.974321	0
2	367	31.251169	14.092734	18.893413	35.762685	0
2	368	33.197623	15.377422	18.529441	32.895513	0
2	369	32.794314	17.924298	16.484196	32.797192	0
2	370	30.579654	16.542219	21.238149	31.639979	0
2	371	34.292949	14.376969	19.78218	31.547902	0
2	372	32.813961	17.963658	18.134864	31.087516	0
2	373	26.033349	16.191175	23.177522	34.597954	0
2	374	25.453918	17.661785	20.359393	36.524904	0
2	375	30.036256	17.133773	21.015452	31.81452	0
2	376	30.067334	15.777509	22.935371	31.219786	0
2	377	25.174091	27.025783	17.186061	30.614065	0
2	378	30.087477	15.488317	13.074068	41.350138	0
2	379	24.617288	21.254892	26.315032	27.812788	0
2	380	28.093347	14.65671	17.709772	39.54017	0
2	381	31.382366	22.794372	21.843347	23.979915	0
2	382	35.853129	13.606607	20.974634	29.56563	0
2	383	29.263485	23.283887	20.800541	26.652087	0
2	384	33.110791	20.578417	14.505036	31.805755	0
2	385	26.496403	21.582734	21.434532	30.486331	0
2	386	39.220144	17.541007	16.561151	26.677698	0
2	387	39.946763	13.838849	16.038849	30.17554	0
2	388	25.671942	20.4	18.906475	35.021583	0
2	389	29.430216	17.359712	22.169784	31.040288	0
2	390	28.01623	18.975813	21.41038	31.597577	0
2	391	27.529893	20.906776	21.683765	29.879567	0
2	392	36.757363	15.69519	22.380178	25.167269	0
2	393	35.168425	18.592169	16.849648	29.389758	0
2	394	32.566873	19.973524	17.537448	29.922155	0
2	395	31.807128	13.035095	19.641136	35.516641	0
2	396	28.383959	24.346375	13.377556	33.89211	0
2	397	35.761256	18.275609	17.118725	28.844411	0
2	398	26.490352	16.743169	24.513288	32.253191	0
2	399	28.865994	18.16913	21.153431	31.811445	0
2	400	30.253104	23.506051	19.58214	26.658705	0
2	401	29.953811	15.55175	20.092954	34.401485	0
2	402	32.31409	18.973754	14.523138	34.189018	0
2	403	27.318119	16.549154	22.461724	33.671003	0
2	404	33.00046	14.446875	19.97525	32.577415	0
2	405	36.724416	16.278635	15.225337	31.771613	0
2	406	32.790376	22.096236	16.362093	28.751295	0
2	407	27.105157	19.300391	17.999597	35.594854	0
2	408	29.374352	18.2917	23.834465	28.499482	0
2	409	26.680672	19.978128	21.579659	31.76154	0
2	410	31.873777	15.413837	15.701623	37.010763	0
2	411	33.967911	21.548313	14.839917	29.643859	0
2	412	29.242812	17.021613	22.836504	30.89907	0
2	413	34.634202	21.106027	14.666436	29.593334	0
2	414	30.180452	19.973522	20.292983	29.553042	0
2	415	29.314166	16.71991	24.283371	29.682553	0
2	416	35.132102	14.980142	20.590859	29.296897	0
2	417	34.449065	15.531508	16.209293	33.810134	0
2	418	31.023169	22.975968	17.144913	28.85595	0
2	419	32.912649	16.415312	19.546697	31.125342	0
2	420	30.217598	15.259189	18.354777	36.168437	0
2	421	22.405952	16.167285	21.35682	40.069942	0
2	422	24.337277	18.603748	17.820856	39.23812	0
2	423	27.419912	16.676741	18.526034	37.377313	0
2	424	27.856372	19.889185	22.802044	29.4524	0
2	425	29.238386	19.605952	20.042024	31.113638	0
2	426	31.303609	20.033389	15.235162	33.42784	0
2	427	27.382237	15.875826	23.945425	32.796511	0
2	428	25.551942	21.746639	19.4151	33.286319	0
2	429	32.923635	19.826718	19.839671	27.409977	0
2	430	28.492062	18.742354	21.620921	31.144662	0
2	431	30.924897	21.483059	19.456519	28.135525	0
2	432	28.125855	15.268362	19.904429	36.701354	0
2	433	30.758823	20.880592	23.385054	24.975531	0
2	434	29.449866	19.541123	16.852348	34.156663	0
2	435	40.563105	13.088726	17.579744	28.768425	0
2	436	28.593638	21.835325	25.311645	24.259393	0
2	437	28.995667	22.091868	20.642301	28.270164	0
2	438	25.920914	18.978249	21.033842	34.066994	0
2	439	30.621293	17.002073	16.92146	35.455174	0
2	440	30.919613	19.650466	20.722964	28.706956	0
2	441	35.611547	17.49766	13.613131	33.277662	0
2	442	29.645521	20.498459	19.04426	30.81176	0
2	443	23.748434	18.477244	23.248816	34.525506	0
2	444	29.960692	15.99545	20.499345	33.544513	0
2	445	28.633346	17.516955	17.367201	36.482497	0
2	446	32.201535	17.223206	22.077268	28.497991	0
2	447	31.125351	16.477788	22.897257	29.499604	0
2	448	25.0162	21.227482	21.476607	32.279711	0
2	449	25.032403	17.769809	15.73346	41.464328	0
2	450	32.530572	18.358852	15.188615	33.921961	0
2	451	31.293595	17.997348	18.906727	31.802329	0
2	452	31.219104	18.280081	20.492311	30.008503	0
2	453	30.853486	16.272735	19.096071	33.777707	0
2	454	23.812406	20.447077	21.698086	34.042431	0
2	455	26.750454	14.333689	19.443083	39.472774	0
2	456	26.366768	16.212399	17.218467	40.202367	0
2	457	29.646126	15.24036	21.128649	33.984865	0
2	458	23.407905	20.585522	23.931156	32.075417	0
2	459	32.182036	17.446772	16.933589	33.437604	0
2	460	31.4684	13.055011	24.850075	30.626514	0
2	461	29.964248	18.311565	18.370672	33.353516	0
2	462	29.333064	19.435714	20.545832	30.68539	0
2	463	25.129765	17.284734	23.710998	33.874503	0
2	464	28.671127	19.820625	19.409678	32.09857	0
2	465	33.230472	15.518609	15.678669	35.572251	0
2	466	32.363757	16.047763	19.828966	31.759514	0
2	467	28.137304	19.121656	22.450422	30.290618	0
2	468	30.511042	21.080644	18.791559	29.616755	0
2	469	27.718599	19.046794	19.935914	33.298692	0
2	470	27.559476	20.744312	20.519113	31.177099	0
2	471	29.750956	20.268534	15.055223	34.925287	0
2	472	27.540103	16.898887	23.426558	32.134452	0
2	473	25.019493	20.512895	25.399255	29.068357	0
2	474	31.251354	14.799625	18.717597	35.231425	0
2	475	24.686918	17.879274	27.828574	29.605235	0
2	476	30.681884	16.13551	20.85091	32.331696	0
2	477	31.647234	21.813821	13.718521	32.820424	0
2	478	36.084054	14.142845	21.922421	27.850681	0
2	479	32.79786	23.033545	15.118566	29.050029	0
2	480	36.128668	16.249873	17.811944	29.809514	0
2	481	29.782401	19.324923	18.569692	32.322984	0
2	482	34.680174	18.298119	18.305355	28.716353	0
2	483	26.767435	18.743575	20.308677	34.180312	0
2	484	27.405358	16.262695	21.946308	34.38564	0
2	485	30.427784	18.49768	23.548434	27.526102	0
2	486	32.594679	21.498896	15.675825	30.230599	0
2	487	32.967241	18.65181	18.34051	30.04044	0
2	488	29.205877	18.868998	13.850104	38.075021	0
2	489	29.325487	16.9038	17.94016	35.830552	0
2	490	27.545306	18.713347	22.615636	31.125711	0
2	491	28.549715	18.729156	17.04247	35.678659	0
2	492	30.986417	23.201959	15.120612	30.691012	0
2	493	25.667385	19.493326	23.297121	31.542168	0
2	494	33.666524	14.497619	18.060982	33.774875	0
2	495	31.140879	22.595099	19.897407	26.366614	0
2	496	33.919452	10.985402	23.713446	31.3817	0
2	497	28.249894	18.870721	20.932543	31.946842	0
2	498	33.57161	16.329296	18.558482	31.540612	0
2	499	31.161504	16.071658	21.645632	31.121206	0
2	500	34.306596	18.614108	16.520433	30.558863	0
2	501	32.656201	21.625483	21.356218	24.362098	0
2	502	34.535629	14.158271	13.660011	37.646089	0


