## htsjdk.samtools.metrics.StringHeader
# CollectMultipleMetrics --INPUT SRX17852076.ivar_trim.sorted.bam --OUTPUT SRX17852076.CollectMultipleMetrics --TMP_DIR tmp --VALIDATION_STRINGENCY LENIENT --REFERENCE_SEQUENCE SRX17852076.fasta --ASSUME_SORTED true --STOP_AFTER 0 --METRIC_ACCUMULATION_LEVEL ALL_READS --PROGRAM CollectAlignmentSummaryMetrics --PROGRAM CollectBaseDistributionByCycle --PROGRAM CollectInsertSizeMetrics --PROGRAM MeanQualityByCycle --PROGRAM QualityScoreDistribution --INCLUDE_UNPAIRED false --VERBOSITY INFO --QUIET false --COMPRESSION_LEVEL 5 --MAX_RECORDS_IN_RAM 500000 --CREATE_INDEX false --CREATE_MD5_FILE false --help false --version false --showHidden false --USE_JDK_DEFLATER false --USE_JDK_INFLATER false
## htsjdk.samtools.metrics.StringHeader
# Started on: Wed May 22 17:24:49 GMT 2024

## METRICS CLASS	picard.analysis.BaseDistributionByCycleMetrics
READ_END	CYCLE	PCT_A	PCT_C	PCT_G	PCT_T	PCT_N
1	1	28.36666	21.738765	23.788359	26.106217	0
1	2	23.386953	24.4412	27.655415	24.516432	0
1	3	28.398832	20.424668	24.388735	26.787765	0
1	4	30.5588	15.25094	23.41962	30.770639	0
1	5	27.259454	20.395466	20.25985	32.085231	0
1	6	26.523461	17.463374	23.892794	32.120372	0
1	7	25.928034	21.052267	18.781924	34.237775	0
1	8	23.267175	21.640269	22.681152	32.411404	0
1	9	26.547218	19.086814	21.355672	33.010295	0
1	10	23.975945	21.081469	23.082558	31.860028	0
1	11	25.716195	19.823302	26.391804	28.068699	0
1	12	29.927737	13.737874	22.162938	34.171451	0
1	13	33.149871	17.097109	18.102356	31.650663	0
1	14	33.754207	16.552168	21.663532	28.030093	0
1	15	26.784795	23.690358	19.801029	29.723817	0
1	16	35.65878	14.144229	18.631954	31.565037	0
1	17	27.289151	17.229262	20.535538	34.94605	0
1	18	27.478222	21.407642	18.16769	32.946446	0
1	19	27.737577	24.111562	16.771431	31.37943	0
1	20	23.956147	23.834884	22.892991	29.315977	0
1	21	25.833003	17.794991	25.400911	30.971095	0
1	22	25.624134	20.755791	25.241536	28.378539	0
1	23	26.323005	27.938527	17.992477	27.745991	0
1	24	27.271827	22.084241	20.807761	29.836171	0
1	25	27.974658	18.480004	20.723124	32.822213	0
1	26	27.217878	15.525144	23.350327	33.906652	0
1	27	32.107009	17.633142	20.05098	30.20887	0
1	28	30.45882	18.799248	21.197288	29.544645	0
1	29	32.490596	20.146506	19.217482	28.145417	0
1	30	27.410414	12.724708	23.186498	36.678381	0
1	31	26.558602	18.604732	19.990101	34.846565	0
1	32	31.964957	15.305385	16.2255	36.504158	0
1	33	32.263908	17.347555	18.042962	32.345575	0
1	34	24.440705	23.11176	14.119481	38.328054	0
1	35	30.336072	18.190457	22.337161	29.13631	0
1	36	28.228569	20.746387	23.887349	27.137696	0
1	37	31.171055	17.543556	16.878836	34.406553	0
1	38	36.594239	13.903187	15.506335	33.996238	0
1	39	28.391903	25.25985	16.576421	29.771827	0
1	40	22.203524	17.303009	20.643437	39.85003	0
1	41	29.319442	17.568303	19.748565	33.36369	0
1	42	25.998812	22.49802	17.85983	33.643338	0
1	43	33.164225	14.177886	20.980004	31.677886	0
1	44	26.646704	16.716492	24.651554	31.98525	0
1	45	32.887052	12.211443	23.562166	31.339339	0
1	46	26.093843	22.80291	20.138586	30.96466	0
1	47	31.740249	19.641655	23.572065	25.04603	0
1	48	31.947634	16.369531	23.091467	28.591368	0
1	49	28.424074	17.676698	17.382696	36.516531	0
1	50	36.425955	19.248664	17.50396	26.821422	0
1	51	29.98134	19.640762	18.834482	31.543415	0
1	52	33.885042	20.424275	17.827251	27.863432	0
1	53	24.93479	18.754795	21.575537	34.734878	0
1	54	31.656759	17.670351	16.467118	34.205772	0
1	55	33.140795	15.311476	19.735396	31.812332	0
1	56	29.650107	14.262027	26.430831	29.657036	0
1	57	37.454646	12.416408	20.782287	29.346659	0
1	58	28.006633	20.10494	20.071775	31.816652	0
1	59	35.293215	16.142541	20.580737	27.983507	0
1	60	24.049718	17.508749	20.19909	38.242443	0
1	61	26.846485	22.666185	16.931081	33.55625	0
1	62	23.985863	19.752103	24.971909	31.290126	0
1	63	25.068929	19.276405	16.804855	38.849811	0
1	64	24.139809	19.393225	22.445414	34.021552	0
1	65	26.634623	19.31254	21.527678	32.525159	0
1	66	26.440087	21.413332	16.194516	35.952064	0
1	67	27.892069	21.787662	19.326496	30.993773	0
1	68	30.487382	20.976844	17.856825	30.678949	0
1	69	31.876525	17.32478	19.23749	31.561205	0
1	70	31.268656	17.295574	17.445562	33.990209	0
1	71	26.568061	20.962592	21.063079	31.406268	0
1	72	27.15217	14.290877	21.264547	37.292406	0
1	73	31.485469	14.037432	20.272056	34.205042	0
1	74	33.448836	17.552075	18.999485	29.999604	0
1	75	28.330074	17.936787	20	33.733139	0
1	76	32.687177	18.303591	18.348637	30.660595	0
1	77	23.999208	21.166745	22.316165	32.517882	0
1	78	27.536074	22.546346	22.402297	27.515284	0
1	79	32.105696	15.574168	17.953706	34.36643	0
1	80	33.410556	22.546952	18.161118	25.881375	0
1	81	31.686913	22.166286	17.397804	28.748998	0
1	82	37.544613	21.61148	16.83357	24.010336	0
1	83	34.448465	14.846863	17.913558	32.791113	0
1	84	34.262999	18.939349	15.596412	31.20124	0
1	85	25.298634	28.760464	13.748311	32.192591	0
1	86	28.184235	16.153225	19.618025	36.044514	0
1	87	32.799172	15.936218	19.031777	32.232833	0
1	88	30.068119	16.083823	17.369974	36.478084	0
1	89	35.032525	16.671947	24.346776	23.948752	0
1	90	31.643878	19.701185	16.769968	31.884969	0
1	91	29.07766	17.186394	19.606727	34.12922	0
1	92	23.787929	21.578403	24.422617	30.211051	0
1	93	30.663855	20.638952	16.657508	32.039686	0
1	94	28.834177	15.805056	25.003218	30.35755	0
1	95	31.360405	14.508575	21.600721	32.530299	0
1	96	30.39935	19.671944	18.510927	31.417778	0
1	97	32.659154	16.167923	19.95851	31.214414	0
1	98	30.416592	17.829699	23.153704	28.600004	0
1	99	28.346925	17.671029	18.487491	35.494556	0
1	100	31.203921	18.719085	21.99589	28.081103	0
1	101	27.152724	16.132498	24.55574	32.159037	0
1	102	29.985096	20.337498	15.809306	33.868101	0
1	103	31.723223	18.359222	18.910341	31.007215	0
1	104	32.543216	16.141875	27.786168	23.528742	0
1	105	31.063322	16.401917	17.34224	35.192521	0
1	106	32.827603	13.850321	22.862859	30.459218	0
1	107	29.011988	16.956093	24.655981	29.375938	0
1	108	24.08937	19.827876	20.603819	35.478935	0
1	109	24.003942	27.434562	21.506244	27.055252	0
1	110	32.168324	18.133245	16.922513	32.775918	0
1	111	39.738143	20.604926	16.257638	23.399293	0
1	112	33.49642	19.579277	13.508602	33.415702	0
1	113	32.278384	15.57664	22.898231	29.246745	0
1	114	21.729485	16.222708	21.895381	40.152427	0
1	115	31.104189	16.671041	15.821741	36.403029	0
1	116	31.29782	13.030689	19.613135	36.058357	0
1	117	34.10374	15.46789	18.007904	32.420467	0
1	118	34.073542	18.520243	16.21295	31.193265	0
1	119	30.715326	15.817989	20.456414	33.010271	0
1	120	33.777399	13.744911	19.939878	32.537812	0
1	121	32.942586	17.434046	18.429485	31.193883	0
1	122	26.273642	16.259329	23.035742	34.431287	0
1	123	24.54301	17.156384	21.257039	37.043567	0
1	124	31.075827	16.545744	20.561215	31.817214	0
1	125	30.264611	15.915293	22.101437	31.718659	0
1	126	24.654067	28.304064	16.90092	30.140948	0
1	127	29.814674	15.48382	11.457848	43.243658	0
1	128	23.937419	20.738532	27.899007	27.425042	0
1	129	27.043826	15.061437	17.452071	40.442666	0
1	130	31.31002	23.105496	21.305216	24.279269	0
1	131	37.042613	13.112903	20.937754	28.90673	0
1	132	28.946925	24.051034	19.979297	27.022743	0
1	133	31.822842	21.734134	14.316069	32.126955	0
1	134	25.77242	20.983863	21.852619	31.391098	0
1	135	39.572457	17.012056	16.329037	27.08645	0
1	136	39.680134	14.911564	15.419248	29.989054	0
1	137	25.81762	20.490151	18.659019	35.03321	0
1	138	29.713666	17.024522	23.291579	29.970232	0
1	139	27.624977	18.608498	21.419833	32.346692	0
1	140	28.168323	22.29305	21.364359	28.174267	0
1	141	37.755577	15.433193	21.31543	25.4958	0
1	142	35.12883	18.169435	17.236768	29.464967	0
1	143	31.761717	21.525652	17.777646	28.934986	0
1	144	32.85899	12.989554	18.654436	35.497021	0
1	145	28.086582	24.921987	13.611868	33.379563	0
1	146	37.138725	17.681498	17.320409	27.859368	0
1	147	26.542308	16.128169	25.007306	32.322217	0
1	148	29.13928	18.268454	20.868893	31.723373	0
1	149	31.309779	23.438127	19.664271	25.587823	0
1	150	29.554854	15.441654	20.434001	34.569491	0
1	151	32.731352	18.57704	14.017604	34.674004	0
1	152	27.814294	16.629435	22.626295	32.929976	0
1	153	33.374941	12.895269	20.860081	32.86971	0
1	154	36.785429	16.135759	15.237732	31.841079	0
1	155	31.775358	23.096698	16.53656	28.591383	0
1	156	27.21635	18.814083	17.272124	36.697443	0
1	157	29.191722	18.397511	23.490485	28.920282	0
1	158	26.761638	20.179705	21.497281	31.561376	0
1	159	33.019625	15.330434	14.218916	37.431025	0
1	160	35.18191	21.661837	13.645392	29.51086	0
1	161	28.166035	17.256854	24.303935	30.273175	0
1	162	34.799687	22.141923	15.789265	27.269125	0
1	163	29.989499	19.594421	21.957659	28.458422	0
1	164	30.414947	16.429481	22.868422	30.287149	0
1	165	34.948311	14.318336	22.029314	28.704039	0
1	166	34.887384	14.581858	17.005563	33.525196	0
1	167	32.948123	22.911022	16.906494	27.234361	0
1	168	33.684367	15.569645	19.924708	30.82128	0
1	169	30.359098	14.847895	17.631906	37.161101	0
1	170	21.947124	16.051162	21.35515	40.646564	0
1	171	24.414711	18.694084	17.908414	38.982791	0
1	172	28.249433	16.628853	18.839725	36.281989	0
1	173	28.702208	19.408419	22.489176	29.400196	0
1	174	29.986724	20.055383	18.913041	31.044852	0
1	175	31.320407	21.152074	15.184631	32.342888	0
1	176	27.157167	15.159366	25.811693	31.871774	0
1	177	25.307144	21.066085	19.6344	33.992371	0
1	178	33.061032	20.053502	19.849896	27.035569	0
1	179	28.377093	19.228178	22.482414	29.912315	0
1	180	31.217676	22.169325	19.628455	26.984544	0
1	181	28.683035	14.463633	19.685621	37.167712	0
1	182	31.242569	21.11852	23.940829	23.698082	0
1	183	29.711775	19.637762	16.69507	33.955394	0
1	184	40.855767	13.220942	17.95902	27.964271	0
1	185	28.663433	22.473285	25.145527	23.717755	0
1	186	30.358532	22.090057	20.771757	26.779654	0
1	187	25.54273	20.162497	20.689126	33.605648	0
1	188	31.545207	17.05623	15.966312	35.432252	0
1	189	30.655397	21.652043	19.792219	27.90034	0
1	190	35.10759	18.053223	13.332441	33.506746	0
1	191	29.192534	19.574987	19.872268	31.360211	0
1	192	23.75934	19.201994	22.613314	34.425352	0
1	193	29.095711	16.101909	20.319878	34.482502	0
1	194	29.528349	17.651606	16.757258	36.062788	0
1	195	33.668282	17.708178	21.576934	27.046605	0
1	196	31.574358	16.417437	23.645589	28.362617	0
1	197	25.747441	21.151312	21.286084	31.815164	0
1	198	24.944379	18.101411	16.226408	40.727802	0
1	199	33.027273	17.980596	15.246863	33.745268	0
1	200	32.143406	18.104606	20.157578	29.59441	0
1	201	31.370664	18.461348	20.684836	29.483152	0
1	202	30.005401	16.899161	18.961134	34.134303	0
1	203	23.355385	20.283952	22.582819	33.777844	0
1	204	25.946391	14.32458	19.150317	40.578712	0
1	205	25.623427	15.498939	17.155133	41.722501	0
1	206	29.804843	14.78943	22.150199	33.255528	0
1	207	23.20387	20.512338	24.656434	31.627358	0
1	208	32.971542	17.224221	17.48144	32.322797	0
1	209	31.100604	12.987	25.441218	30.471178	0
1	210	30.794965	18.454181	18.331764	32.419091	0
1	211	28.567747	20.188238	19.885907	31.358108	0
1	212	24.884889	17.415655	23.738483	33.960974	0
1	213	29.465936	20.1482	17.824094	32.56177	0
1	214	34.346143	14.207258	15.45336	35.993239	0
1	215	32.642854	15.980153	19.242704	32.134289	0
1	216	29.981808	18.308805	21.399928	30.309459	0
1	217	30.992262	22.19292	16.912126	29.902692	0
1	218	28.248403	19.932432	20.481109	31.338056	0
1	219	29.035987	20.044252	20.243186	30.676575	0
1	220	29.989086	20.268889	15.001736	34.740289	0
1	221	27.752338	16.105971	24.126709	32.014983	0
1	222	24.433431	21.122323	25.648925	28.795321	0
1	223	31.539805	15.418887	18.391232	34.650076	0
1	224	24.515271	17.392685	29.427554	28.66449	0
1	225	30.771521	16.454478	20.313074	32.460928	0
1	226	30.30097	23.00643	13.130371	33.562228	0
1	227	36.388987	12.730539	22.142613	28.737862	0
1	228	31.89058	23.598265	14.536361	29.974794	0
1	229	36.721084	16.372748	16.833226	30.072942	0
1	230	29.595832	20.971095	18.304925	31.128148	0
1	231	35.452385	18.623866	17.113849	28.809901	0
1	232	27.429088	19.053078	20.988408	32.529427	0
1	233	28.347254	16.773118	22.562171	32.317457	0
1	234	29.407356	19.086095	23.731556	27.774993	0
1	235	34.022425	21.442575	14.532468	30.002531	0
1	236	33.87128	17.503537	18.620467	30.004716	0
1	237	29.39041	18.959104	14.205547	37.444938	0
1	238	29.255708	16.439248	18.340119	35.964925	0
1	239	27.767057	19.047856	22.102635	31.082452	0
1	240	29.735109	19.026012	15.883535	35.355345	0
1	241	30.93446	23.413279	15.24596	30.4063	0
1	242	24.189796	20.210641	24.763229	30.836335	0
1	243	34.207444	14.718383	17.62087	33.453303	0
1	244	29.741495	22.444398	20.946858	26.867249	0
1	245	32.270728	10.904508	25.112474	31.71229	0
1	246	31.347902	18.634739	19.609415	30.407944	0
1	247	33.41547	17.55422	17.853101	31.177209	0
1	248	29.763018	17.370295	23.222896	29.643791	0
1	249	33.625888	20.383209	17.020148	28.970755	0
1	250	31.812571	20.54552	22.629171	25.012737	0
1	251	34.034362	15.277304	13.716273	36.972062	0
2	252	28.693064	21.822063	24.591861	24.893012	0
2	253	24.364016	23.88901	26.620668	25.126305	0
2	254	27.560775	20.449052	23.485329	28.504844	0
2	255	29.780774	15.667287	23.010818	31.541121	0
2	256	26.463159	20.490163	19.753135	33.293543	0
2	257	25.582985	17.574743	23.820161	33.022111	0
2	258	27.037723	20.983496	18.866523	33.112258	0
2	259	24.491808	20.221703	23.236186	32.050304	0
2	260	26.931231	19.001248	21.655142	32.412379	0
2	261	24.660214	21.368355	22.94296	31.028471	0
2	262	25.349692	20.377231	26.05601	28.217067	0
2	263	30.159689	13.886632	22.263388	33.69029	0
2	264	32.995364	17.890258	17.823391	31.290987	0
2	265	32.553543	16.217582	22.404058	28.824817	0
2	266	26.737067	22.500149	20.015652	30.747132	0
2	267	34.399085	15.260634	18.684247	31.656034	0
2	268	27.960989	17.116577	21.151408	33.771026	0
2	269	27.131833	21.385691	18.023498	33.458978	0
2	270	27.277951	24.018287	17.793672	30.910091	0
2	271	23.381808	23.078676	23.815703	29.723813	0
2	272	25.949518	16.974917	25.579518	31.496047	0
2	273	25.896519	20.913161	24.907872	28.282448	0
2	274	26.274444	27.149169	18.235988	28.3404	0
2	275	27.084283	21.164286	21.24948	30.501952	0
2	276	28.164563	19.002239	21.001823	31.831375	0
2	277	27.341846	15.453312	24.167872	33.03697	0
2	278	31.549541	18.185961	20.31185	29.952648	0
2	279	30.824896	19.17758	20.47679	29.520734	0
2	280	32.243477	20.222198	19.026014	28.508311	0
2	281	28.188834	12.835575	22.605155	36.370436	0
2	282	26.862382	18.237474	20.684326	34.215818	0
2	283	32.62685	15.23785	15.733164	36.402136	0
2	284	31.395499	17.091316	18.435104	33.078081	0
2	285	25.032691	22.995958	14.62366	37.347691	0
2	286	30.418243	18.309294	21.465437	29.807026	0
2	287	28.413706	20.508985	23.442732	27.634577	0
2	288	31.499515	17.702039	16.694074	34.104373	0
2	289	35.4863	15.110554	15.810929	33.592218	0
2	290	28.630159	24.502209	16.271076	30.596557	0
2	291	23.039051	17.382066	20.8562	38.722683	0
2	292	29.509342	17.897193	19.65754	32.935926	0
2	293	25.66174	22.429319	17.936818	33.972124	0
2	294	33.429755	14.559269	21.537753	30.473223	0
2	295	26.563707	17.131437	24.473481	31.831375	0
2	296	32.558497	13.460167	23.063816	30.91752	0
2	297	26.053534	23.019733	20.62786	30.298873	0
2	298	31.646623	19.615933	23.044499	25.692945	0
2	299	31.867533	16.34884	22.833495	28.950132	0
2	300	27.916411	17.83726	17.005627	37.240703	0
2	301	35.485804	19.360351	17.963069	27.190775	0
2	302	29.41328	19.40263	19.600267	31.583822	0
2	303	34.852215	20.398651	17.180914	27.568221	0
2	304	25.743796	19.06524	21.167088	34.023877	0
2	305	31.563356	17.730486	16.784318	33.92184	0
2	306	33.515471	15.31046	19.778363	31.395706	0
2	307	28.766485	14.818723	25.64678	30.768011	0
2	308	36.456681	12.342883	20.389572	30.810864	0
2	309	26.899578	20.291594	20.970493	31.838334	0
2	310	33.680478	16.522602	21.362295	28.434625	0
2	311	24.362617	17.323514	19.869077	38.444792	0
2	312	25.996935	23.009477	17.343027	33.650561	0
2	313	24.490312	19.377811	24.173911	31.957965	0
2	314	26.447732	19.075792	17.045967	37.430508	0
2	315	24.222512	20.079547	21.967537	33.730405	0
2	316	27.714464	18.864621	21.611073	31.809841	0
2	317	26.096746	20.951488	17.247399	35.704367	0
2	318	27.886966	20.904686	19.893969	31.314379	0
2	319	30.777433	20.861147	17.357343	31.004077	0
2	320	31.884525	17.463065	18.821446	31.830964	0
2	321	32.429229	16.881906	17.082763	33.606102	0
2	322	26.760598	21.161896	21.465909	30.611597	0
2	323	26.806225	15.200659	20.800353	37.192763	0
2	324	31.472059	15.15652	20.371858	32.999564	0
2	325	32.588588	18.007786	19.335433	30.068193	0
2	326	28.179275	18.612436	19.326106	33.882183	0
2	327	32.989476	19.129214	18.362974	29.518335	0
2	328	25.526449	20.982076	21.448764	32.042711	0
2	329	28.510993	23.273703	20.809796	27.405508	0
2	330	32.125516	15.376108	17.866796	34.631579	0
2	331	32.782657	22.392886	17.99872	26.825736	0
2	332	30.411494	22.316013	17.956068	29.316425	0
2	333	37.649346	21.238512	17.114106	23.998036	0
2	334	34.276021	15.048953	18.608088	32.066937	0
2	335	34.532956	17.998304	15.456381	32.01236	0
2	336	25.735444	28.030435	14.038281	32.195841	0
2	337	27.450883	16.470827	19.884332	36.193958	0
2	338	32.386276	15.821375	18.314344	33.478004	0
2	339	29.986111	16.730655	18.330357	34.952877	0
2	340	35.347026	16.384383	23.613633	24.654959	0
2	341	31.733975	18.827644	18.11917	31.31921	0
2	342	28.768394	17.956618	19.919825	33.355163	0
2	343	25.028901	20.812019	24.061385	30.097694	0
2	344	30.271802	21.142282	17.064264	31.521653	0
2	345	29.197884	16.155442	24.160225	30.486449	0
2	346	30.748887	14.819464	20.994448	33.437201	0
2	347	29.762023	19.991366	18.570748	31.675863	0
2	348	32.481008	15.886705	20.093585	31.538702	0
2	349	29.384239	18.441567	24.07219	28.102003	0
2	350	30.122718	17.076802	18.127323	34.673157	0
2	351	31.45076	19.265067	21.453986	27.830186	0
2	352	26.910423	15.854064	24.81031	32.425203	0
2	353	29.889433	19.712068	16.633748	33.764751	0
2	354	31.390259	19.109984	18.442497	31.05726	0
2	355	33.111994	16.72349	26.299125	23.86539	0
2	356	31.985767	16.236805	17.507779	34.269649	0
2	357	33.381473	14.222685	22.148937	30.246904	0
2	358	29.254614	16.896865	24.217218	29.631302	0
2	359	24.395376	19.213952	20.610058	35.780613	0
2	360	23.76332	26.979408	21.624224	27.633048	0
2	361	32.096523	17.407661	17.681129	32.814687	0
2	362	37.806476	20.706359	16.5229	24.964265	0
2	363	33.735855	18.958209	14.377606	32.92833	0
2	364	32.881179	15.550427	22.028986	29.539408	0
2	365	23.358117	15.8808	21.163315	39.597768	0
2	366	29.858443	17.622125	16.349008	36.170424	0
2	367	31.440937	12.732723	19.045728	36.780611	0
2	368	32.266182	15.959617	19.257858	32.516342	0
2	369	33.217847	18.200003	16.36397	32.21818	0
2	370	30.507187	15.467776	20.611623	33.413414	0
2	371	32.755728	14.566871	19.700294	32.977108	0
2	372	33.593265	17.701513	17.556574	31.148648	0
2	373	26.976169	16.073919	24.113609	32.836302	0
2	374	24.400256	17.398405	20.842744	37.358595	0
2	375	31.477556	17.428683	20.328004	30.765756	0
2	376	31.079961	16.489048	21.203608	31.227384	0
2	377	26.153449	27.53039	16.546627	29.769534	0
2	378	30.060162	16.024839	12.004606	41.910392	0
2	379	24.311016	20.996644	27.119073	27.573267	0
2	380	27.169386	14.90834	17.861415	40.060858	0
2	381	31.329362	22.876644	20.657235	25.136759	0
2	382	36.436067	13.761504	20.412915	29.389514	0
2	383	28.979414	22.952895	19.732133	28.335559	0
2	384	32.421565	21.1805	14.441025	31.95691	0
2	385	25.999801	21.529984	21.845711	30.624504	0
2	386	38.454818	17.425623	16.913309	27.206251	0
2	387	39.88443	14.683003	15.232554	30.200013	0
2	388	26.258098	19.940427	19.007124	34.794351	0
2	389	29.915357	17.010946	22.360067	30.71363	0
2	390	27.763795	18.980316	21.207337	32.048552	0
2	391	28.20952	22.057568	21.439493	28.293419	0
2	392	36.862564	15.931927	21.322332	25.883176	0
2	393	34.546493	18.675967	17.808172	28.969369	0
2	394	31.562826	21.042546	17.658244	29.736385	0
2	395	32.750335	13.35104	18.46299	35.435635	0
2	396	27.665606	25.109841	13.926633	33.297919	0
2	397	37.167992	17.598523	17.489301	27.744184	0
2	398	26.706582	16.158788	24.536058	32.598572	0
2	399	29.449525	17.720155	21.913755	30.916565	0
2	400	30.816892	22.732373	19.241692	27.209044	0
2	401	29.376282	15.000918	20.585738	35.037062	0
2	402	32.895442	19.190249	14.440969	33.473339	0
2	403	27.820971	17.537484	22.230166	32.411379	0
2	404	34.017476	12.895442	19.883328	33.203753	0
2	405	37.41684	16.63092	14.795949	31.15629	0
2	406	32.634459	22.319642	16.684126	28.361773	0
2	407	27.864938	18.243653	17.412545	36.478865	0
2	408	30.688571	18.456734	22.614774	28.23992	0
2	409	26.234628	20.419329	22.192764	31.153279	0
2	410	32.454882	15.329543	15.222302	36.993273	0
2	411	34.523591	21.215612	14.060661	30.200136	0
2	412	28.580224	17.038707	23.685778	30.695291	0
2	413	35.1171	21.968234	15.133882	27.780784	0
2	414	29.71729	19.739534	21.223089	29.320087	0
2	415	29.900797	17.145964	23.303179	29.65006	0
2	416	35.053077	14.683773	20.831058	29.432092	0
2	417	34.326528	15.551826	16.592521	33.529126	0
2	418	32.632086	22.591024	16.831924	27.944966	0
2	419	33.594173	15.495454	19.285406	31.624967	0
2	420	31.088093	15.548019	17.33759	36.026297	0
2	421	23.312295	15.699438	21.318582	39.669684	0
2	422	23.489073	18.77368	17.536237	40.20101	0
2	423	28.078121	16.700185	18.331422	36.890273	0
2	424	28.311153	20.332208	22.046877	29.309763	0
2	425	30.087845	20.140334	18.378464	31.393357	0
2	426	31.587494	21.453117	15.29989	31.659499	0
2	427	27.651671	15.666946	25.723905	30.957477	0
2	428	26.026091	20.611707	19.328007	34.034196	0
2	429	33.011372	20.325272	20.074986	26.58837	0
2	430	28.526025	18.639598	22.737589	30.096788	0
2	431	30.644464	22.55402	19.048872	27.752643	0
2	432	28.687853	15.254498	19.674508	36.38314	0
2	433	30.261433	20.864456	23.880567	24.993544	0
2	434	29.378899	19.449521	16.872442	34.299138	0
2	435	39.986292	13.323632	17.966317	28.723758	0
2	436	29.252508	21.655409	24.752657	24.339426	0
2	437	30.428736	21.704017	20.431021	27.436226	0
2	438	26.378713	20.331398	20.422294	32.867595	0
2	439	31.317551	17.516192	16.772133	34.394123	0
2	440	30.438951	20.698288	20.317801	28.544961	0
2	441	34.842524	18.188773	13.39692	33.571783	0
2	442	28.349437	20.142577	20.352716	31.15527	0
2	443	24.625779	18.461882	22.698661	34.213677	0
2	444	28.264326	16.662692	20.670005	34.402977	0
2	445	29.853534	16.854468	17.186848	36.105149	0
2	446	32.29839	18.238459	21.233486	28.229665	0
2	447	31.284097	16.070595	24.130238	28.51507	0
2	448	25.288818	20.61704	21.634675	32.459466	0
2	449	24.718487	17.724142	16.142401	41.41497	0
2	450	32.704665	18.472908	15.112887	33.70954	0
2	451	31.338699	18.645146	19.728791	30.287365	0
2	452	31.211537	18.27098	20.756987	29.760496	0
2	453	30.057815	17.264452	19.543247	33.134486	0
2	454	23.928573	21.052213	22.144892	32.874322	0
2	455	26.37945	14.497711	19.145012	39.977827	0
2	456	26.306422	15.185865	17.42509	41.082624	0
2	457	30.083577	14.391472	22.331492	33.193459	0
2	458	23.230445	19.772876	24.622621	32.374058	0
2	459	32.818373	17.351678	17.864317	31.965632	0
2	460	31.36275	12.784176	25.439068	30.414006	0
2	461	30.136346	18.294332	17.677742	33.89158	0
2	462	29.08006	19.853307	20.520636	30.545997	0
2	463	25.844647	17.269879	23.516833	33.368641	0
2	464	28.725812	20.602058	18.190047	32.482084	0
2	465	34.590785	14.640321	15.299799	35.469095	0
2	466	33.276963	16.119213	18.478304	32.12552	0
2	467	29.618576	18.705108	21.591655	30.084661	0
2	468	31.0761	22.245825	18.106789	28.571286	0
2	469	28.357481	19.464775	20.50585	31.671894	0
2	470	29.260314	19.648779	20.101373	30.989534	0
2	471	30.484987	20.13494	15.071453	34.308619	0
2	472	28.787275	15.569909	24.618035	31.02478	0
2	473	24.183202	21.075883	25.165352	29.575564	0
2	474	31.188045	15.448568	18.840349	34.523039	0
2	475	25.66932	17.145263	28.042705	29.142712	0
2	476	31.018521	16.208338	20.206983	32.566158	0
2	477	30.351234	22.740003	14.028426	32.880337	0
2	478	35.841363	13.325424	21.587765	29.245448	0
2	479	31.662253	23.56517	15.869525	28.903051	0
2	480	36.519197	16.924589	17.005408	29.550806	0
2	481	30.144248	20.923384	17.588221	31.344148	0
2	482	34.136159	18.797409	17.263834	29.802598	0
2	483	28.113351	18.925955	19.605541	33.355153	0
2	484	27.761691	16.832951	22.382088	33.02327	0
2	485	29.026008	18.129615	24.429648	28.414729	0
2	486	33.801567	21.787911	15.522402	28.88812	0
2	487	32.995842	18.094478	18.633862	30.275819	0
2	488	30.049224	18.53326	14.406417	37.011099	0
2	489	29.670363	17.012788	18.252656	35.064193	0
2	490	28.755103	18.497248	21.749639	30.998009	0
2	491	28.907753	19.592199	16.031975	35.468073	0
2	492	31.094525	22.822192	15.110418	30.972865	0
2	493	25.179636	19.781227	24.891286	30.147851	0
2	494	33.676265	14.428	18.547415	33.34832	0
2	495	31.2685	22.247544	20.383081	26.100875	0
2	496	33.303647	10.878842	25.413468	30.404043	0
2	497	30.260995	18.83482	19.858051	31.046133	0
2	498	34.092719	16.485519	17.738711	31.683052	0
2	499	31.638232	15.838158	22.260307	30.263302	0
2	500	33.517736	19.819256	16.765968	29.89704	0
2	501	31.837841	20.052934	22.429798	25.679427	0
2	502	33.564005	14.760183	14.316054	37.359757	0


