## htsjdk.samtools.metrics.StringHeader
# CollectMultipleMetrics --INPUT SRX17852072.ivar_trim.sorted.bam --OUTPUT SRX17852072.CollectMultipleMetrics --TMP_DIR tmp --VALIDATION_STRINGENCY LENIENT --REFERENCE_SEQUENCE SRX17852072.fasta --ASSUME_SORTED true --STOP_AFTER 0 --METRIC_ACCUMULATION_LEVEL ALL_READS --PROGRAM CollectAlignmentSummaryMetrics --PROGRAM CollectBaseDistributionByCycle --PROGRAM CollectInsertSizeMetrics --PROGRAM MeanQualityByCycle --PROGRAM QualityScoreDistribution --INCLUDE_UNPAIRED false --VERBOSITY INFO --QUIET false --COMPRESSION_LEVEL 5 --MAX_RECORDS_IN_RAM 500000 --CREATE_INDEX false --CREATE_MD5_FILE false --help false --version false --showHidden false --USE_JDK_DEFLATER false --USE_JDK_INFLATER false
## htsjdk.samtools.metrics.StringHeader
# Started on: Wed May 22 17:24:08 GMT 2024

## METRICS CLASS	picard.analysis.BaseDistributionByCycleMetrics
READ_END	CYCLE	PCT_A	PCT_C	PCT_G	PCT_T	PCT_N
1	1	28.11654	20.659181	24.589985	26.634294	0
1	2	21.999393	24.106829	29.30258	24.591199	0
1	3	27.294689	20.322914	24.319272	28.063126	0
1	4	29.431259	15.12352	24.549924	30.895296	0
1	5	26.871017	20.43824	20.846131	31.844613	0
1	6	27.308042	17.987253	23.257056	31.447648	0
1	7	26.435205	21.573293	19.242489	32.749014	0
1	8	23.861608	21.336571	23.539909	31.261912	0
1	9	26.426707	19.425797	21.404552	32.742944	0
1	10	24.455235	20.68346	23.074962	31.786343	0
1	11	25.421548	20.404249	27.326252	26.847951	0
1	12	30.665857	13.910774	20.627618	34.795751	0
1	13	33.421548	17.873141	17.201821	31.50349	0
1	14	34.060091	17.267375	22.754476	25.918058	0
1	15	27.081032	23.757208	19.113809	30.047951	0
1	16	34.732625	14.471624	18.105008	32.690744	0
1	17	28.083763	17.082853	20.996662	33.836722	0
1	18	27.098027	22.607587	18.227618	32.066768	0
1	19	28.7478	23.599393	17.335357	30.317451	0
1	20	24.032777	23.913809	23.254628	28.798786	0
1	21	26.198483	17.898634	24.218513	31.68437	0
1	22	24.672534	21.766313	25.752959	27.808194	0
1	23	26.126859	27.224279	18.764188	27.884674	0
1	24	26.634294	22.149924	20.959029	30.256753	0
1	25	27.811836	18.647648	21.15569	32.384825	0
1	26	26.979059	15.530197	23.446434	34.04431	0
1	27	32.532929	17.020941	20.074052	30.372079	0
1	28	31.325038	18.495903	20.55478	29.624279	0
1	29	32.098331	19.600607	20.264643	28.036419	0
1	30	27.706222	13.545372	22.324734	36.423672	0
1	31	26.227618	18.590592	20.832777	34.349014	0
1	32	32.758725	14.861305	16.893475	35.486495	0
1	33	31.389378	16.786646	18.112291	33.711684	0
1	34	24.955387	22.540819	14.349014	38.15478	0
1	35	31.042185	18.849165	21.343854	28.764795	0
1	36	28.335053	21.943551	24.593627	25.127769	0
1	37	31.349317	17.053718	16.514719	35.082246	0
1	38	36.572989	14.162064	14.423065	34.841882	0
1	39	27.581184	24.85827	16.644613	30.915933	0
1	40	21.091351	17.012443	22.006677	39.88953	0
1	41	28.740516	16.755083	20.946889	33.557511	0
1	42	26.518968	21.867071	17.615781	33.998179	0
1	43	32.724734	13.885281	21.807587	31.582398	0
1	44	25.819727	16.230653	25.920486	32.029135	0
1	45	33.320789	12.318058	22.843096	31.518058	0
1	46	27.407587	21.720182	19.578756	31.293475	0
1	47	31.383308	19.729287	24.756297	24.131108	0
1	48	32.11654	16.392109	23.045827	28.445524	0
1	49	27.470713	18.375721	17.279514	36.874052	0
1	50	36.345979	19.333536	16.810926	27.50956	0
1	51	31.020334	20.512291	18.443703	30.023672	0
1	52	32.950531	21.697117	16.640971	28.711381	0
1	53	24.884977	19.101669	22.517754	33.495599	0
1	54	32.328983	16.985736	16.279211	34.40607	0
1	55	33.794234	14.548103	19.720789	31.936874	0
1	56	29.579363	13.877997	26.669499	29.873141	0
1	57	37.707744	12.914426	20.115815	29.262015	0
1	58	29.57437	19.045307	20.201039	31.179284	0
1	59	35.814354	16.515321	19.686301	27.984024	0
1	60	24.545962	18.44923	20.402564	36.602243	0
1	61	26.396105	23.043024	16.568737	33.992133	0
1	62	23.891614	19.966736	25.197883	30.943767	0
1	63	24.772981	19.800418	16.965717	38.460885	0
1	64	23.013888	18.849852	22.683679	35.452581	0
1	65	26.954548	18.804934	20.829894	33.410625	0
1	66	25.594862	21.887292	16.520177	35.997669	0
1	67	27.292041	22.048754	19.90725	30.751955	0
1	68	30.051474	21.156461	18.804934	29.987132	0
1	69	31.507066	18.348468	19.064731	31.079736	0
1	70	32.165447	16.490027	16.758325	34.586201	0
1	71	25.938741	21.603477	21.245341	31.212441	0
1	72	27.333649	14.04742	20.353037	38.265895	0
1	73	31.942067	14.440762	19.346615	34.270556	0
1	74	32.522368	17.548652	19.913562	30.015418	0
1	75	28.700635	18.491945	20.792512	32.014908	0
1	76	32.927851	18.325624	17.903146	30.843379	0
1	77	24.421216	20.89449	21.818358	32.865936	0
1	78	27.714851	23.56776	20.344539	28.37285	0
1	79	31.327773	16.385621	18.075536	34.211069	0
1	80	34.348254	22.341601	17.667626	25.64252	0
1	81	31.41154	21.818358	18.005123	28.764978	0
1	82	37.695305	20.708745	16.736473	24.859477	0
1	83	34.02411	15.053842	18.238215	32.683833	0
1	84	33.828671	18.694153	16.139763	31.337413	0
1	85	24.735634	28.064638	12.789102	34.410626	0
1	86	28.308667	15.655542	19.476247	36.559544	0
1	87	32.547805	16.642992	17.764827	33.044376	0
1	88	28.621728	15.471565	18.117139	37.789568	0
1	89	34.510223	17.296392	24.453645	23.739741	0
1	90	30.797436	20.50896	17.631489	31.062115	0
1	91	28.037735	17.310961	19.06294	35.588364	0
1	92	24.027441	21.691355	24.473045	29.808159	0
1	93	30.647903	20.775152	16.821681	31.755264	0
1	94	29.353554	15.546759	24.766264	30.333422	0
1	95	31.549549	14.136704	22.671912	31.641835	0
1	96	29.187968	20.286828	18.782256	31.742948	0
1	97	32.403483	16.507778	19.796461	31.292277	0
1	98	28.760535	17.433388	25.090476	28.715601	0
1	99	28.250282	18.380111	18.053413	35.316193	0
1	100	32.609884	19.270802	20.717296	27.402019	0
1	101	27.781624	16.049068	24.94322	31.226089	0
1	102	31.08717	19.336111	15.388726	34.187993	0
1	103	31.802944	17.497449	19.27926	31.420347	0
1	104	32.013069	16.208765	27.672108	24.106058	0
1	105	32.031288	16.969101	17.258174	33.741437	0
1	106	32.700927	14.599604	23.276773	29.422696	0
1	107	28.060245	17.731082	24.576704	29.631969	0
1	108	23.339285	20.307547	20.586913	35.766255	0
1	109	23.569138	27.217957	20.979497	28.233408	0
1	110	33.124005	18.438665	16.503699	31.933631	0
1	111	39.412343	20.4538	17.130468	23.003389	0
1	112	33.317542	19.976678	14.543401	32.162379	0
1	113	33.669801	15.264922	21.90681	29.158468	0
1	114	22.764652	16.512602	22.247191	38.475554	0
1	115	31.05375	16.444579	16.369268	36.132402	0
1	116	31.017309	13.67021	19.925903	35.386578	0
1	117	32.544975	15.789026	17.35481	34.311189	0
1	118	32.549015	18.798134	16.450038	32.202813	0
1	119	30.142128	15.890428	21.383625	32.583819	0
1	120	33.132084	14.826468	20.033042	32.008406	0
1	121	33.098472	16.482422	18.676353	31.742754	0
1	122	26.725625	15.7584	23.076362	34.439612	0
1	123	24.510125	16.996489	21.016315	37.47707	0
1	124	31.200117	16.175274	20.674952	31.949658	0
1	125	29.749626	15.985762	22.209264	32.055347	0
1	126	24.764022	27.333358	16.458326	31.444295	0
1	127	29.373747	16.129503	11.741481	42.755269	0
1	128	23.49997	20.109336	29.051813	27.338881	0
1	129	27.063111	14.546559	16.908218	41.482111	0
1	130	31.667375	22.197655	20.742271	25.392699	0
1	131	35.122822	13.569988	22.344923	28.962266	0
1	132	29.160289	23.528197	19.775494	27.536021	0
1	133	32.642078	22.248949	13.753432	31.355541	0
1	134	25.27881	20.481328	21.67675	32.563112	0
1	135	39.074762	17.198775	16.437058	27.289404	0
1	136	39.586219	14.267318	15.282941	30.863523	0
1	137	26.593289	20.734019	18.629881	34.042812	0
1	138	29.897709	16.457711	22.954783	30.689798	0
1	139	27.953933	18.936025	21.083898	32.026144	0
1	140	26.58843	22.346138	21.46172	29.603713	0
1	141	38.564521	14.649999	20.616177	26.169303	0
1	142	35.965157	17.647273	16.527159	29.860411	0
1	143	31.847946	21.441328	17.276736	29.43399	0
1	144	34.18658	12.626195	19.135495	34.051729	0
1	145	28.285933	25.728621	13.488756	32.496689	0
1	146	37.838495	16.516225	16.700886	28.944395	0
1	147	26.087009	16.604911	23.985276	33.322804	0
1	148	28.96783	18.842939	20.64948	31.539751	0
1	149	32.162556	22.557405	19.613656	25.666383	0
1	150	29.064865	16.265536	21.136206	33.533392	0
1	151	31.83613	18.264102	14.595002	35.304766	0
1	152	28.490548	16.727414	22.482626	32.299412	0
1	153	33.728192	13.14939	21.143753	31.978666	0
1	154	37.239846	15.572187	15.48228	31.705687	0
1	155	31.77737	23.203373	16.338829	28.680428	0
1	156	27.549297	18.887822	17.226967	36.335913	0
1	157	28.596596	18.78941	23.344309	29.269685	0
1	158	26.211622	20.517088	21.482984	31.788305	0
1	159	33.190776	14.956382	14.408427	37.444415	0
1	160	35.174475	21.627138	12.943478	30.254909	0
1	161	27.750778	17.217875	25.188326	29.843021	0
1	162	34.207776	22.439854	16.351154	27.001215	0
1	163	30.15468	19.831347	20.775465	29.238508	0
1	164	31.426419	17.379734	22.238964	28.954883	0
1	165	34.801205	14.71639	22.455526	28.026879	0
1	166	33.806017	14.826966	17.061583	34.305434	0
1	167	34.267765	21.959755	17.288811	26.483669	0
1	168	33.310651	16.011908	18.946473	31.730968	0
1	169	30.954522	15.015435	18.240928	35.789115	0
1	170	22.700259	15.139583	21.30504	40.855118	0
1	171	24.093047	18.998311	18.640999	38.267644	0
1	172	27.568941	17.137614	19.112553	36.180892	0
1	173	26.710905	19.879438	23.385715	30.023942	0
1	174	28.933776	20.058094	18.662875	32.345256	0
1	175	31.312211	20.70952	14.643721	33.334549	0
1	176	27.65523	15.540647	24.946221	31.857902	0
1	177	26.078925	20.478604	19.258395	34.184077	0
1	178	31.919884	20.019202	19.601123	28.45979	0
1	179	27.977297	19.055432	23.727227	29.240043	0
1	180	32.007389	22.228704	19.383576	26.380331	0
1	181	28.998189	15.056939	19.144152	36.800719	0
1	182	30.787181	20.895468	23.401514	24.915837	0
1	183	29.960744	19.57317	16.907913	33.558173	0
1	184	40.602098	13.916066	17.18543	28.296406	0
1	185	28.685327	22.430997	25.278625	23.605051	0
1	186	29.768589	22.620871	20.29218	27.31836	0
1	187	26.247022	19.817444	20.651223	33.284311	0
1	188	31.923428	17.226375	15.276816	35.573382	0
1	189	29.52051	23.083561	20.673352	26.722577	0
1	190	34.388942	18.196185	13.125615	34.289257	0
1	191	28.676846	20.239977	18.451701	32.631477	0
1	192	25.181142	17.902645	23.009872	33.906341	0
1	193	28.986177	16.231627	19.824201	34.957995	0
1	194	29.591986	18.747265	16.590478	35.070272	0
1	195	33.839907	18.825074	22.28882	25.046199	0
1	196	31.233283	15.408744	23.594563	29.76341	0
1	197	25.592394	21.872075	20.709779	31.825753	0
1	198	26.48575	19.064293	15.800992	38.648964	0
1	199	33.248225	18.35303	15.482443	32.916302	0
1	200	32.545782	17.290061	20.440672	29.723485	0
1	201	31.380417	18.775232	19.986381	29.85797	0
1	202	30.491883	15.849699	19.049067	34.609351	0
1	203	22.199793	20.156868	23.350155	34.293184	0
1	204	26.420624	14.614215	18.759652	40.205509	0
1	205	26.061314	15.796578	16.099376	42.042732	0
1	206	28.928263	13.938782	23.819484	33.313471	0
1	207	23.516965	20.465767	23.457376	32.559893	0
1	208	32.552596	16.868539	17.085005	33.493859	0
1	209	30.053508	13.941384	25.810531	30.194576	0
1	210	29.875105	18.624816	19.084508	32.415571	0
1	211	28.964586	21.645911	18.628691	30.760811	0
1	212	24.37909	17.347783	24.936145	33.336982	0
1	213	29.345156	20.017514	17.284536	33.352794	0
1	214	34.093922	14.86189	15.448143	35.596045	0
1	215	32.357842	16.173448	19.478197	31.990513	0
1	216	29.241829	19.561859	22.218438	28.977874	0
1	217	31.841958	21.030095	16.937936	30.19001	0
1	218	29.206968	20.282617	19.284931	31.225484	0
1	219	28.734498	20.005848	19.508808	31.750847	0
1	220	30.307497	20.553836	14.556176	34.582491	0
1	221	27.362881	16.53834	24.6071	31.491679	0
1	222	25.088938	20.497076	24.538255	29.875731	0
1	223	32.594605	15.530349	17.685616	34.18943	0
1	224	24.361864	16.711544	29.603412	29.32318	0
1	225	30.415235	16.921315	20.533908	32.129542	0
1	226	29.72074	23.521456	13.768063	32.989741	0
1	227	36.493896	11.354388	23.292395	28.859322	0
1	228	30.799786	24.270153	14.905205	30.024856	0
1	229	35.524119	16.735509	16.127499	31.612872	0
1	230	28.847325	20.83709	19.148288	31.167296	0
1	231	34.111182	18.061513	18.367372	29.459934	0
1	232	27.31438	18.227459	20.738944	33.719216	0
1	233	29.744452	17.26197	21.814792	31.178786	0
1	234	29.155748	19.830833	24.212361	26.801058	0
1	235	33.539313	21.622972	14.897559	29.940156	0
1	236	32.009215	16.920602	19.474172	31.596012	0
1	237	30.280789	19.372341	13.811434	36.535437	0
1	238	29.110867	17.309428	17.119161	36.460544	0
1	239	27.480022	18.296834	22.673092	31.550052	0
1	240	30.520574	19.910187	14.435984	35.133255	0
1	241	30.128056	23.948631	15.199531	30.723781	0
1	242	24.581674	18.839925	26.588416	29.989985	0
1	243	35.869029	14.973598	16.619374	32.537998	0
1	244	30.571023	22.484104	20.90129	26.043583	0
1	245	32.430493	11.420582	25.176011	30.972915	0
1	246	31.576201	18.451752	19.077909	30.894137	0
1	247	32.476189	18.112369	16.847874	32.563568	0
1	248	27.88064	17.170974	24.779973	30.168413	0
1	249	33.162968	19.767914	17.485098	29.58402	0
1	250	31.496512	19.945466	23.27584	25.282181	0
1	251	33.977603	14.889219	13.66536	37.467818	0
2	252	27.143204	21.421104	26.816193	24.619499	0
2	253	23.019694	22.565038	27.673231	26.742037	0
2	254	27.417943	20.700219	23.262825	28.619013	0
2	255	29.156334	15.741551	23.894967	31.207148	0
2	256	26.168247	21.028446	20.302699	32.500608	0
2	257	26.371262	18.47435	23.77948	31.374909	0
2	258	26.981522	21.092876	19.993922	31.93168	0
2	259	24.264527	19.96353	24.162412	31.609531	0
2	260	26.677608	19.861415	21.271578	32.189399	0
2	261	24.620715	20.769511	23.548505	31.061269	0
2	262	25.891077	20.491126	25.644299	27.973499	0
2	263	30.916606	13.657914	21.311695	34.113786	0
2	264	32.951617	18.708972	18.071967	30.267445	0
2	265	32.538293	16.703136	23.278629	27.479942	0
2	266	26.71894	22.663506	19.908826	30.708728	0
2	267	32.997812	16.139071	19.186725	31.676392	0
2	268	28.507172	17.577194	20.52638	33.389254	0
2	269	25.994408	22.053246	18.920496	33.03185	0
2	270	27.61488	23.351568	18.792852	30.2407	0
2	271	23.681011	22.603939	24.356917	29.358133	0
2	272	26.625334	17.155361	25.2407	30.978604	0
2	273	25.395089	21.655726	25.384148	27.565038	0
2	274	26.926817	25.216387	19.187941	28.668855	0
2	275	26.351811	21.707999	20.864333	31.075857	0
2	276	27.646487	19.094335	21.131777	32.127401	0
2	277	26.866035	15.571359	24.262096	33.300511	0
2	278	31.901289	17.148067	20.041332	30.909312	0
2	279	32.462922	18.932653	19.753221	28.851204	0
2	280	32.244104	19.716752	19.226842	28.812302	0
2	281	27.907853	14.130805	21.900073	36.061269	0
2	282	27.755896	18.389254	20.289327	33.565524	0
2	283	33.125456	15.571359	16.776076	34.527109	0
2	284	31.421104	16.739606	17.51398	34.32531	0
2	285	25.519086	22.310965	15.223681	36.946268	0
2	286	31.438123	18.47435	20.623632	29.463895	0
2	287	28.378313	20.493557	24.017749	27.110382	0
2	288	31.193776	16.889132	17.460491	34.456601	0
2	289	34.552638	14.790907	14.919767	35.736689	0
2	290	28.285923	22.93946	17.276927	31.49769	0
2	291	22.364454	17.336494	23.24459	37.054461	0
2	292	29.78726	17.007051	20.381717	32.823973	0
2	293	25.985898	22.082422	18.048869	33.882811	0
2	294	32.143204	14.919767	22.447119	30.48991	0
2	295	26.277656	17.383905	24.452954	31.885485	0
2	296	33.042791	13.368587	21.666667	31.921955	0
2	297	27.611233	23.260394	19.358133	29.770241	0
2	298	32.63433	19.173353	23.450036	24.742281	0
2	299	32.453197	16.597374	21.81133	29.138099	0
2	300	28.254316	17.563822	18.116946	36.064916	0
2	301	35.094821	19.010455	18.379528	27.515196	0
2	302	29.556369	19.988329	19.991976	30.463327	0
2	303	32.953191	20.824316	17.77386	28.448632	0
2	304	25.633169	18.488662	22.214116	33.664053	0
2	305	31.52244	17.110271	16.727259	34.64003	0
2	306	33.805934	14.706955	19.928259	31.558852	0
2	307	29.425069	14.864536	24.727613	30.982781	0
2	308	35.86347	13.971706	19.691275	30.473549	0
2	309	28.110324	20.054992	21.177945	30.656739	0
2	310	33.105815	17.442299	20.790598	28.661289	0
2	311	24.338727	18.347731	19.693393	37.620148	0
2	312	26.80894	22.494494	16.662814	34.033751	0
2	313	23.990996	19.317394	24.988745	31.702865	0
2	314	26.563241	19.231003	16.697694	37.508061	0
2	315	23.832816	19.993916	21.90424	34.269027	0
2	316	28.64513	18.294093	20.940561	32.120217	0
2	317	26.377076	20.966113	17.672325	34.984486	0
2	318	28.018836	21.965346	20.412732	29.603086	0
2	319	30.386586	21.227534	18.458038	29.927842	0
2	320	32.303087	18.215889	18.611358	30.869666	0
2	321	32.796301	17.005354	17.172061	33.026284	0
2	322	26.690192	21.293502	21.323923	30.692383	0
2	323	27.084449	15.44293	19.030178	38.442443	0
2	324	31.065953	16.30567	19.860063	32.768313	0
2	325	31.664639	18.042103	19.933074	30.360185	0
2	326	28.885374	18.27817	19.982964	32.853492	0
2	327	34.645899	18.779508	17.843758	28.730835	0
2	328	25.788513	21.300803	20.958871	31.951813	0
2	329	28.712582	23.700414	18.974203	28.612801	0
2	330	31.516184	16.696276	18.140667	33.646873	0
2	331	34.125922	22.038745	17.103118	26.732215	0
2	332	30.347429	21.839976	17.618497	30.194098	0
2	333	36.656039	20.856253	17.806552	24.681157	0
2	334	33.591734	15.241201	18.536728	32.630336	0
2	335	33.655438	18.257716	16.833804	31.253043	0
2	336	26.022662	26.834463	14.589292	32.553583	0
2	337	27.131434	17.11476	19.584241	36.169565	0
2	338	31.51822	16.384703	17.606679	34.490397	0
2	339	29.561831	16.835443	18.969085	34.633642	0
2	340	35.019114	16.625679	23.231635	25.123573	0
2	341	32.187645	18.8716	17.812355	31.1284	0
2	342	28.973385	18.133781	18.514866	34.377968	0
2	343	25.349146	20.141485	25.055705	29.453664	0
2	344	30.419959	20.322184	17.451021	31.806836	0
2	345	28.70102	15.466478	24.914156	30.918345	0
2	346	29.934243	15.809791	21.921578	32.334389	0
2	347	29.686054	19.646597	18.77466	31.892688	0
2	348	32.589606	16.442777	19.929606	31.03801	0
2	349	29.072685	17.902031	24.520144	28.50514	0
2	350	30.424086	16.923246	17.454266	35.198402	0
2	351	32.240817	19.917422	21.365585	26.476177	0
2	352	26.967346	15.39286	25.380315	32.259479	0
2	353	30.554202	19.753959	15.058465	34.633374	0
2	354	31.633759	18.894262	18.335181	31.136798	0
2	355	32.349144	16.48274	26.061536	25.10658	0
2	356	31.941484	17.70223	16.971388	33.384898	0
2	357	33.589135	15.041111	21.679761	29.689993	0
2	358	28.543585	17.942065	23.606442	29.907908	0
2	359	23.920088	20.058472	21.023267	34.998173	0
2	360	24.229799	25.87801	21.081996	28.810194	0
2	361	32.12689	17.532618	17.047766	33.292726	0
2	362	38.164851	20.529688	16.191555	25.113905	0
2	363	34.414746	18.286146	15.168608	32.1305	0
2	364	32.912626	14.959066	21.627845	30.500463	0
2	365	24.882132	16.769611	21.892475	36.455783	0
2	366	30.514236	17.33002	17.2021	34.953644	0
2	367	30.671296	14.204435	19.798977	35.325292	0
2	368	31.561442	15.648529	18.433685	34.356344	0
2	369	33.289066	18.153464	16.838861	31.718609	0
2	370	30.368195	16.44086	20.831912	32.359033	0
2	371	32.461773	15.089857	19.94639	32.50198	0
2	372	32.81429	17.513463	18.083681	31.588566	0
2	373	26.731974	16.468065	23.086483	33.713478	0
2	374	24.09226	17.09962	21.373916	37.434204	0
2	375	31.235988	17.270202	21.148504	30.345307	0
2	376	31.433376	15.619212	20.624574	32.322838	0
2	377	25.364314	27.650112	16.271079	30.714495	0
2	378	29.448032	16.478616	12.659924	41.413428	0
2	379	23.812599	21.231875	27.082978	27.872548	0
2	380	28.056537	15.1517	16.989156	39.802608	0
2	381	31.998294	22.042159	19.806263	26.153284	0
2	382	35.93274	14.420617	20.787133	28.85951	0
2	383	30.014622	22.808578	19.093457	28.083343	0
2	384	32.937736	21.297673	14.482759	31.281833	0
2	385	26.152065	20.42281	21.151456	32.273669	0
2	386	37.851834	17.292555	16.873401	27.98221	0
2	387	40.531254	13.672475	15.39052	30.405751	0
2	388	27.190203	19.862313	17.935908	35.011575	0
2	389	30.060924	16.465213	21.296454	32.17741	0
2	390	27.658097	18.879006	21.22822	32.234678	0
2	391	27.357134	21.447545	22.016571	29.17875	0
2	392	36.935543	15.640307	19.630803	27.793347	0
2	393	35.365363	18.077471	16.614069	29.943097	0
2	394	31.694062	20.19642	18.003144	30.106374	0
2	395	32.516541	13.431381	19.60058	34.451498	0
2	396	27.7002	25.448409	14.274748	32.576644	0
2	397	36.285763	16.829946	17.624409	29.259882	0
2	398	26.696154	17.002973	23.439099	32.861773	0
2	399	30.669689	17.57445	21.534581	30.22128	0
2	400	31.429581	21.414471	19.607389	27.548558	0
2	401	30.091634	15.682499	20.672386	33.553481	0
2	402	31.282139	18.788536	15.678844	34.250481	0
2	403	29.350766	16.954646	21.906758	31.787829	0
2	404	34.022616	12.878659	20.72722	32.371506	0
2	405	36.744815	16.062681	16.080959	31.111544	0
2	406	32.508378	21.81929	16.0775	29.594833	0
2	407	27.177238	19.334674	17.681106	35.806982	0
2	408	29.763355	18.971778	22.856551	28.408315	0
2	409	26.698674	20.457204	21.767157	31.076964	0
2	410	32.794317	15.350402	15.422298	36.432984	0
2	411	34.276523	21.871268	13.947991	29.904219	0
2	412	29.141736	16.521856	24.06015	30.276258	0
2	413	34.212803	21.622774	15.586726	28.577696	0
2	414	29.790994	20.001219	20.041436	30.166352	0
2	415	30.796324	17.685127	22.419929	29.09862	0
2	416	34.033296	15.604738	21.119534	29.242432	0
2	417	33.856991	15.457459	16.884621	33.800929	0
2	418	32.287629	22.667885	17.402803	27.641682	0
2	419	33.32602	15.750728	18.265141	32.658111	0
2	420	30.008777	15.911307	18.807597	35.272319	0
2	421	23.515859	15.793451	20.471999	40.21869	0
2	422	23.096147	19.615755	17.882264	39.405834	0
2	423	26.807266	16.504937	19.144216	37.543582	0
2	424	27.031014	20.868484	22.553274	29.547228	0
2	425	29.523206	19.457008	17.888012	33.131774	0
2	426	30.824373	21.17987	15.695024	32.300734	0
2	427	28.308097	16.619121	24.453222	30.61956	0
2	428	26.730875	20.432795	18.913746	33.922585	0
2	429	33.043574	19.950745	20.445734	26.559947	0
2	430	28.382975	19.028054	22.986796	29.602175	0
2	431	31.556872	22.722119	18.664423	27.056586	0
2	432	28.225669	16.911747	19.262565	35.60002	0
2	433	29.032337	20.950593	23.509974	26.507097	0
2	434	30.64345	18.866981	16.961139	33.528429	0
2	435	39.650526	13.836286	17.071297	29.441891	0
2	436	28.328577	21.072657	25.837175	24.761591	0
2	437	29.558398	21.995927	19.990975	28.4547	0
2	438	27.545246	19.257037	20.657105	32.540612	0
2	439	31.935653	17.136829	16.835584	34.091935	0
2	440	29.549945	21.161117	21.015978	28.27296	0
2	441	34.407251	18.649816	13.428648	33.514285	0
2	442	28.761224	20.221306	19.353894	31.663576	0
2	443	25.148853	17.297462	23.63592	33.917765	0
2	444	27.902437	15.636248	20.721842	35.739473	0
2	445	29.676632	18.124466	16.641855	35.557047	0
2	446	33.324384	18.247382	21.509287	26.918947	0
2	447	30.628608	15.399729	24.524364	29.447299	0
2	448	24.936231	20.393717	20.682964	33.987088	0
2	449	26.128083	18.277575	15.732751	39.861591	0
2	450	32.55215	19.528361	15.867785	32.051705	0
2	451	30.90494	17.853393	19.707958	31.533709	0
2	452	31.413606	17.920981	20.441004	30.224409	0
2	453	30.639805	16.396825	19.466422	33.496947	0
2	454	22.72977	20.386583	22.707791	34.175855	0
2	455	26.462004	15.5304	18.871427	39.136169	0
2	456	27.221103	16.076204	16.808939	39.893753	0
2	457	29.349193	14.828475	22.996226	32.826106	0
2	458	23.881928	19.82487	23.02826	33.264942	0
2	459	32.644113	17.981192	16.958964	32.41573	0
2	460	31.562813	13.374777	24.5133	30.54911	0
2	461	30.108459	19.229548	17.945868	32.716125	0
2	462	28.843124	21.574016	19.272723	30.310137	0
2	463	26.569334	17.067807	24.100183	32.262676	0
2	464	29.248741	20.180605	17.08539	33.485263	0
2	465	33.587534	15.681027	15.794684	34.936755	0
2	466	32.308256	16.155962	19.249526	32.286256	0
2	467	29.639591	19.287007	23.167392	27.90601	0
2	468	31.902328	21.427174	18.46816	28.202338	0
2	469	29.412125	19.914549	18.750306	31.92302	0
2	470	28.720278	19.1995	19.307246	32.772975	0
2	471	30.026816	20.314203	15.859527	33.799454	0
2	472	27.858411	16.694225	23.774879	31.672485	0
2	473	25.072897	20.705202	24.120948	30.100953	0
2	474	32.10745	15.372361	18.402961	34.117229	0
2	475	26.063719	17.113892	27.100776	29.721613	0
2	476	30.539957	16.755352	20.830779	31.873912	0
2	477	30.102279	22.529494	15.381031	31.987197	0
2	478	36.196786	12.264753	22.77512	28.763342	0
2	479	30.681051	23.806718	16.049928	29.462302	0
2	480	34.756607	17.499263	16.902446	30.841684	0
2	481	29.495165	20.205669	18.785399	31.513767	0
2	482	32.90344	18.645651	18.002656	30.448253	0
2	483	27.491756	18.538662	19.840528	34.129054	0
2	484	29.042152	16.327511	22.112045	32.518292	0
2	485	28.889821	18.73281	25.182234	27.195135	0
2	486	32.971337	22.320237	15.060539	29.647887	0
2	487	31.87582	18.033782	18.779256	31.311142	0
2	488	31.457604	18.503888	13.817048	36.22146	0
2	489	29.755952	17.814164	17.290401	35.139483	0
2	490	29.052563	17.518056	21.576888	31.852493	0
2	491	30.648154	19.493847	15.078574	34.779426	0
2	492	30.978551	22.821413	16.320637	29.879399	0
2	493	26.091546	18.500927	25.792915	29.614612	0
2	494	35.006249	14.536605	17.86358	32.593567	0
2	495	32.948318	21.354969	19.671977	26.024736	0
2	496	32.913474	11.737778	24.894122	30.454626	0
2	497	30.324874	19.108353	18.360299	32.206475	0
2	498	32.946748	16.922703	16.47641	33.654138	0
2	499	30.659975	16.833965	22.715012	29.791048	0
2	500	33.518285	20.191553	15.74248	30.547683	0
2	501	31.438864	19.447195	23.91334	25.200601	0
2	502	34.201765	13.577928	14.650095	37.570212	0


