## htsjdk.samtools.metrics.StringHeader
# CollectMultipleMetrics --INPUT SRX17852073.ivar_trim.sorted.bam --OUTPUT SRX17852073.CollectMultipleMetrics --TMP_DIR tmp --VALIDATION_STRINGENCY LENIENT --REFERENCE_SEQUENCE SRX17852073.fasta --ASSUME_SORTED true --STOP_AFTER 0 --METRIC_ACCUMULATION_LEVEL ALL_READS --PROGRAM CollectAlignmentSummaryMetrics --PROGRAM CollectBaseDistributionByCycle --PROGRAM CollectInsertSizeMetrics --PROGRAM MeanQualityByCycle --PROGRAM QualityScoreDistribution --INCLUDE_UNPAIRED false --VERBOSITY INFO --QUIET false --COMPRESSION_LEVEL 5 --MAX_RECORDS_IN_RAM 500000 --CREATE_INDEX false --CREATE_MD5_FILE false --help false --version false --showHidden false --USE_JDK_DEFLATER false --USE_JDK_INFLATER false
## htsjdk.samtools.metrics.StringHeader
# Started on: Wed May 22 17:24:11 GMT 2024

## METRICS CLASS	picard.analysis.BaseDistributionByCycleMetrics
READ_END	CYCLE	PCT_A	PCT_C	PCT_G	PCT_T	PCT_N
1	1	27.832071	21.268694	24.757218	26.142017	0
1	2	22.400523	24.410442	28.242667	24.946369	0
1	3	27.21464	20.183	24.340471	28.261889	0
1	4	29.531352	14.765292	24.991734	30.711622	0
1	5	27.212333	20.354465	20.003076	32.430126	0
1	6	27.028565	18.247664	23.819153	30.904617	0
1	7	26.307332	21.410942	19.326439	32.955288	0
1	8	23.97601	21.080312	23.10484	31.838837	0
1	9	26.374226	19.727807	21.498597	32.399369	0
1	10	23.822998	20.815809	23.636923	31.724271	0
1	11	25.420015	20.176848	26.654108	27.749029	0
1	12	30.284879	13.499673	21.473992	34.741456	0
1	13	33.170582	18.226135	17.324209	31.279074	0
1	14	34.030987	16.526085	22.833417	26.609511	0
1	15	27.281535	23.288609	19.493291	29.936565	0
1	16	34.66841	14.449271	18.560609	32.32171	0
1	17	27.526816	17.153512	21.178732	34.14094	0
1	18	26.701011	22.189843	18.578294	32.530852	0
1	19	28.537926	23.081773	17.224251	31.156049	0
1	20	23.483142	24.689554	23.216332	28.610972	0
1	21	25.709123	17.745569	24.691861	31.853447	0
1	22	25.052478	21.669294	25.443082	27.835147	0
1	23	26.284264	27.259236	18.966591	27.489908	0
1	24	27.195417	21.996079	20.658952	30.149552	0
1	25	28.088885	18.282265	21.385568	32.243282	0
1	26	26.321941	15.592634	24.03214	34.053285	0
1	27	32.505478	17.285764	20.055361	30.153397	0
1	28	31.802699	18.442966	20.585906	29.168429	0
1	29	32.16716	20.292184	19.637077	27.903579	0
1	30	27.697513	13.075237	22.678867	36.548383	0
1	31	26.831725	18.751298	20.048441	34.368536	0
1	32	32.101803	15.262005	17.072777	35.563415	0
1	33	31.572027	16.794433	17.889355	33.744185	0
1	34	25.045558	22.550459	14.621506	37.782477	0
1	35	30.735458	18.659798	21.179501	29.425243	0
1	36	28.404906	21.97378	24.082119	25.539195	0
1	37	31.475914	16.680635	16.973588	34.869863	0
1	38	35.72181	14.306255	14.56999	35.401945	0
1	39	27.609088	24.831033	16.885164	30.674715	0
1	40	21.044174	17.420322	21.634693	39.900811	0
1	41	28.425666	17.132752	20.272961	34.168621	0
1	42	26.225828	21.876129	18.08235	33.815693	0
1	43	32.673869	14.316251	21.67929	31.330591	0
1	44	26.253508	16.505325	25.599938	31.641229	0
1	45	33.313598	12.664642	22.708085	31.313675	0
1	46	27.226942	22.112952	20.28065	30.379455	0
1	47	31.686594	20.076122	23.742263	24.495021	0
1	48	31.799623	16.413825	22.572758	29.213794	0
1	49	27.841298	18.233824	17.534889	36.389989	0
1	50	36.18546	19.532505	17.304986	26.977048	0
1	51	31.012264	20.132252	18.724386	30.131098	0
1	52	33.111376	21.395563	16.875168	28.617892	0
1	53	25.276998	19.078851	22.295183	33.348968	0
1	54	32.021068	17.387259	16.677559	33.914113	0
1	55	33.729576	14.503095	19.877744	31.889585	0
1	56	30.156167	14.406434	25.801789	29.63561	0
1	57	37.509419	12.84506	20.069973	29.575548	0
1	58	29.295562	19.270725	20.347259	31.086453	0
1	59	35.234456	16.312689	19.927564	28.525291	0
1	60	24.231426	18.777202	20.182089	36.809283	0
1	61	26.139981	23.370961	16.888639	33.600418	0
1	62	23.96998	19.468496	25.412546	31.148978	0
1	63	25.179552	19.937561	16.93247	37.950418	0
1	64	23.051843	19.624594	22.325946	34.997616	0
1	65	27.639451	19.403903	20.68345	32.273196	0
1	66	25.644772	22.052197	16.42265	35.880381	0
1	67	27.368777	22.484352	20.005998	30.140873	0
1	68	29.958091	21.546388	18.219847	30.275674	0
1	69	31.38529	18.257526	19.15337	31.203814	0
1	70	31.915352	17.210329	16.939651	33.934668	0
1	71	26.548911	21.016894	20.820805	31.613389	0
1	72	27.534739	14.509047	20.300208	37.656006	0
1	73	31.743346	14.549803	19.698869	34.007982	0
1	74	32.239336	17.85717	19.43511	30.468384	0
1	75	28.631299	18.084018	20.836185	32.448498	0
1	76	32.537699	18.753797	18.36085	30.347654	0
1	77	24.162777	21.152234	21.737425	32.947563	0
1	78	28.077636	22.95856	20.168713	28.795091	0
1	79	31.162769	15.967026	18.059411	34.810793	0
1	80	33.782672	22.469491	17.794883	25.952954	0
1	81	31.411918	22.009643	17.563421	29.015018	0
1	82	37.574495	21.267581	16.662181	24.495744	0
1	83	33.895464	15.419752	18.275775	32.409009	0
1	84	34.065165	18.927399	15.762963	31.244473	0
1	85	25.470639	28.009936	12.720324	33.799102	0
1	86	28.248331	15.875604	19.489987	36.386078	0
1	87	32.366671	16.627831	18.217403	32.788096	0
1	88	28.816531	15.749848	18.105404	37.328217	0
1	89	34.847576	17.222684	24.147902	23.781838	0
1	90	31.421738	20.272858	17.066699	31.238705	0
1	91	28.235792	17.152965	18.886411	35.724833	0
1	92	24.520872	21.218507	24.502415	29.758206	0
1	93	30.412145	20.569574	17.283333	31.734947	0
1	94	28.895537	15.179155	25.376268	30.54904	0
1	95	31.710056	14.037301	22.839454	31.41319	0
1	96	29.192977	20.316718	18.613916	31.876389	0
1	97	32.652653	16.532453	19.388234	31.42666	0
1	98	29.262233	16.818958	24.676573	29.242235	0
1	99	28.491547	17.953451	18.08959	35.465411	0
1	100	32.419315	19.166692	21.090361	27.323632	0
1	101	27.558437	15.930191	24.483313	32.028059	0
1	102	30.850647	19.745091	14.993808	34.410455	0
1	103	31.437978	17.821264	19.405086	31.335672	0
1	104	32.077199	15.820526	27.784957	24.317318	0
1	105	32.331041	16.93897	17.082045	33.647944	0
1	106	32.829747	14.619888	23.206745	29.34362	0
1	107	28.454397	17.747556	24.29289	29.505158	0
1	108	23.146097	20.226007	20.549094	36.078802	0
1	109	23.580907	27.184122	20.480018	28.754952	0
1	110	33.377694	17.833131	16.577688	32.211487	0
1	111	39.492592	20.14093	17.065403	23.301075	0
1	112	33.229482	19.944151	14.266153	32.560215	0
1	113	33.036394	15.390829	21.946566	29.626211	0
1	114	22.359068	16.654871	22.19752	38.788541	0
1	115	30.351099	16.905656	16.410241	36.333005	0
1	116	31.504246	13.516216	19.467352	35.512185	0
1	117	32.152473	16.055081	17.381337	34.411109	0
1	118	32.925863	18.985453	16.59525	31.493434	0
1	119	30.226404	16.426005	20.702521	32.64507	0
1	120	33.272046	14.503535	19.975536	32.248883	0
1	121	32.888167	16.764495	18.844671	31.502666	0
1	122	26.88689	15.154359	23.181962	34.776789	0
1	123	23.85777	17.109403	21.188273	37.844554	0
1	124	31.228507	16.003908	20.865933	31.901652	0
1	125	30.535361	15.477702	22.006047	31.98089	0
1	126	24.504758	27.421204	16.984006	31.090032	0
1	127	29.647808	15.685535	11.897435	42.769221	0
1	128	23.858137	20.623918	28.402508	27.115436	0
1	129	27.022349	14.5963	16.925799	41.455553	0
1	130	31.937777	22.602013	21.185684	24.274526	0
1	131	36.042128	13.42396	21.598043	28.935869	0
1	132	29.077649	23.840041	19.667957	27.414354	0
1	133	32.942	21.922098	13.862582	31.27332	0
1	134	25.640276	20.205719	21.386643	32.767362	0
1	135	39.232053	17.314572	16.391374	27.062	0
1	136	40.233263	14.220431	15.43983	30.106476	0
1	137	26.267685	20.996146	18.444234	34.291935	0
1	138	29.875905	16.402397	22.839492	30.882206	0
1	139	28.024096	18.271132	21.698556	32.006216	0
1	140	26.650818	22.469438	21.774721	29.105023	0
1	141	37.750902	14.694455	20.837661	26.716982	0
1	142	35.818094	17.59515	16.649613	29.937144	0
1	143	31.813601	21.552712	17.006593	29.627094	0
1	144	33.037129	13.346874	19.1794	34.436597	0
1	145	27.931096	24.986728	14.150196	32.93198	0
1	146	37.288905	17.249975	16.799895	28.661225	0
1	147	26.242335	16.415981	24.435862	32.905822	0
1	148	29.164391	18.506351	21.308385	31.020873	0
1	149	32.349049	22.555703	19.489752	25.605496	0
1	150	30.237121	15.968333	20.537638	33.256909	0
1	151	32.619099	17.472456	14.717332	35.191112	0
1	152	28.271373	16.693082	22.167169	32.868376	0
1	153	33.604665	12.784668	21.29547	32.315197	0
1	154	36.720625	15.672124	16.129132	31.478119	0
1	155	32.173632	23.021943	16.233766	28.570659	0
1	156	27.720502	19.363575	16.648458	36.267465	0
1	157	28.277528	18.933495	23.364313	29.424663	0
1	158	26.722062	20.263128	21.265628	31.749183	0
1	159	33.132525	15.152145	14.522023	37.193306	0
1	160	34.706172	21.818979	13.216489	30.258359	0
1	161	27.669806	17.37682	24.291386	30.661989	0
1	162	34.309961	22.164944	16.219003	27.306091	0
1	163	29.453493	20.001385	20.936978	29.608143	0
1	164	30.64222	17.620854	22.191104	29.545822	0
1	165	35.164269	14.23944	21.905055	28.691236	0
1	166	33.699315	14.632608	17.254751	34.413326	0
1	167	34.300223	22.256675	16.765407	26.677695	0
1	168	33.57544	16.025237	18.674309	31.725013	0
1	169	29.863574	15.267657	18.55018	36.318588	0
1	170	22.135872	15.911697	20.544625	41.407807	0
1	171	23.526289	18.833342	18.440147	39.200222	0
1	172	27.451312	17.399835	18.721001	36.427851	0
1	173	27.544417	19.616654	22.769138	30.06979	0
1	174	28.661675	20.027547	18.851809	32.458968	0
1	175	31.183681	20.773475	14.538431	33.504413	0
1	176	27.634869	15.941181	25.043283	31.380666	0
1	177	26.159422	20.835353	18.915487	34.089737	0
1	178	32.094462	19.990458	19.797318	28.117762	0
1	179	28.121609	18.973199	23.179975	29.725217	0
1	180	31.580446	22.532838	19.404111	26.482606	0
1	181	28.694876	14.91955	19.328701	37.056873	0
1	182	29.49229	21.383391	23.651082	25.473237	0
1	183	30.498015	19.431192	16.922651	33.148142	0
1	184	40.650225	13.524682	17.396791	28.428302	0
1	185	28.139188	22.051649	25.546732	24.262431	0
1	186	29.224637	21.77958	20.967742	28.028041	0
1	187	25.528853	19.643558	21.479635	33.347954	0
1	188	31.574452	17.190458	15.88611	35.34898	0
1	189	29.00314	22.358174	21.006864	27.631822	0
1	190	34.502609	17.927781	13.220151	34.349459	0
1	191	28.402995	20.366024	18.328113	32.902868	0
1	192	24.933622	18.164187	22.617884	34.284307	0
1	193	28.918528	15.624086	20.267982	35.189404	0
1	194	29.488048	18.76722	16.747733	34.996998	0
1	195	33.682485	18.551726	22.052734	25.713054	0
1	196	31.505995	15.483245	23.963705	29.047055	0
1	197	25.217612	21.800466	20.57445	32.407472	0
1	198	25.972817	18.410399	16.611766	39.005018	0
1	199	33.42646	18.347572	16.062495	32.163473	0
1	200	32.256004	17.141318	20.012315	30.590363	0
1	201	31.768781	18.275862	20.458744	29.496613	0
1	202	30.885398	15.897598	18.969512	34.247493	0
1	203	22.170737	20.127926	23.239095	34.462242	0
1	204	26.258101	14.905556	18.658692	40.177651	0
1	205	25.864975	15.719267	16.07026	42.345498	0
1	206	29.286616	14.1553	22.742387	33.815696	0
1	207	23.38683	20.514952	23.497672	32.600547	0
1	208	32.963599	16.859745	17.109142	33.067514	0
1	209	30.266105	13.921069	25.465896	30.34693	0
1	210	30.319219	18.561169	19.389428	31.730185	0
1	211	28.680846	21.793717	18.799313	30.726124	0
1	212	24.894729	16.63472	24.612211	33.85834	0
1	213	28.911795	20.189066	17.690259	33.208881	0
1	214	33.633312	15.022556	15.370521	35.97361	0
1	215	32.730548	15.830235	19.296058	32.14316	0
1	216	28.979359	19.060121	22.352162	29.608358	0
1	217	31.790884	21.31121	17.256698	29.641207	0
1	218	28.900981	20.706319	19.165581	31.227118	0
1	219	28.584312	19.953137	19.963157	31.499395	0
1	220	30.182135	20.377065	14.742676	34.698125	0
1	221	26.703818	17.008895	24.378363	31.908924	0
1	222	25.368636	20.790843	24.375072	29.465449	0
1	223	32.444828	15.313225	17.556328	34.685619	0
1	224	24.585286	16.832912	29.282036	29.299766	0
1	225	30.147155	17.229258	20.835293	31.788294	0
1	226	30.140144	23.694151	13.389196	32.77651	0
1	227	36.413743	12.290804	22.793953	28.501499	0
1	228	30.701274	23.949091	15.533337	29.816298	0
1	229	35.601295	16.396855	16.368332	31.633518	0
1	230	29.161174	20.74439	18.74311	31.351326	0
1	231	33.514243	19.026327	18.196816	29.262614	0
1	232	27.102559	18.232841	21.255715	33.408886	0
1	233	29.201104	16.842966	21.907574	32.048356	0
1	234	28.997687	19.622205	24.478797	26.901311	0
1	235	34.33852	21.509091	14.595124	29.557266	0
1	236	32.476636	16.362851	20.001696	31.158817	0
1	237	30.737076	19.455349	13.627845	36.17973	0
1	238	29.113074	16.949963	17.578797	36.358165	0
1	239	27.695929	18.458036	22.374686	31.471349	0
1	240	30.739122	19.56505	14.755427	34.940401	0
1	241	29.877752	23.983906	15.416515	30.721826	0
1	242	24.612496	18.816548	25.764577	30.806379	0
1	243	35.26807	15.690578	17.083838	31.957515	0
1	244	31.148707	22.293975	20.771017	25.786301	0
1	245	31.824413	11.454376	25.187407	31.533804	0
1	246	31.110045	17.852141	19.712968	31.324846	0
1	247	32.116667	17.772463	17.628332	32.482538	0
1	248	27.834653	16.57572	25.166602	30.423025	0
1	249	33.01864	19.560878	17.440925	29.979557	0
1	250	31.310717	20.556964	22.856453	25.275866	0
1	251	33.488406	15.383563	13.624912	37.503119	0
2	252	28.24022	20.341918	24.850286	26.567575	0
2	253	22.340933	23.451668	28.016996	26.190403	0
2	254	27.191835	20.848407	23.142233	28.817525	0
2	255	29.15929	15.297043	23.519405	32.024262	0
2	256	26.027988	21.260988	20.447373	32.263651	0
2	257	26.904722	18.359068	23.670274	31.065936	0
2	258	27.577474	21.122435	19.843897	31.456194	0
2	259	24.887233	19.676863	23.983558	31.452345	0
2	260	26.987854	18.832458	21.916037	32.263651	0
2	261	24.978832	20.562064	22.693474	31.76563	0
2	262	25.722401	20.500485	25.567683	28.209431	0
2	263	31.416168	14.138584	20.87073	33.574519	0
2	264	33.081885	18.808596	17.663223	30.446295	0
2	265	32.674692	15.940545	23.596379	27.788383	0
2	266	26.302015	22.985206	20.708315	30.004464	0
2	267	33.532953	16.012901	18.41218	32.041966	0
2	268	28.100128	17.784073	21.1971	32.9187	0
2	269	26.22889	22.224702	18.656188	32.89022	0
2	270	27.82841	22.862047	17.981126	31.328417	0
2	271	23.724156	23.540958	23.632557	29.102329	0
2	272	26.14037	17.522361	25.058885	31.278384	0
2	273	25.070431	21.853688	25.233616	27.842265	0
2	274	27.191835	26.131903	18.41295	28.263313	0
2	275	26.70228	22.076143	20.814539	30.407039	0
2	276	28.338747	18.607694	20.6629	32.390658	0
2	277	27.111782	15.874348	23.907354	33.106517	0
2	278	32.159736	17.19907	20.471235	30.169959	0
2	279	31.895716	18.405253	20.112536	29.586496	0
2	280	32.023492	20.134089	19.551396	28.291023	0
2	281	27.744508	14.32871	22.086149	35.840633	0
2	282	27.275736	18.337516	20.221069	34.165679	0
2	283	32.972582	14.960666	17.073603	34.993149	0
2	284	31.059778	16.63793	17.784842	34.51745	0
2	285	25.084287	22.622658	14.816725	37.47633	0
2	286	31.02514	18.506858	20.687532	29.78047	0
2	287	28.98071	20.615946	24.013578	26.389766	0
2	288	31.43849	17.076681	17.316071	34.168758	0
2	289	35.391875	15.194667	15.020706	34.392752	0
2	290	28.305648	23.347753	17.800237	30.546361	0
2	291	22.406361	17.712487	22.049972	37.831181	0
2	292	29.718121	17.5239	19.887772	32.870206	0
2	293	26.488292	21.889096	17.884139	33.738473	0
2	294	32.304448	14.635836	21.850609	31.209108	0
2	295	26.336653	17.032806	24.592423	32.038118	0
2	296	33.12499	13.434272	21.958372	31.482365	0
2	297	27.391967	22.660375	19.435935	30.511723	0
2	298	32.398356	19.535231	23.460905	24.605508	0
2	299	33.069569	16.323876	21.971458	28.635097	0
2	300	27.979279	17.841033	18.227443	35.952245	0
2	301	34.786859	19.255046	18.225134	27.732962	0
2	302	29.771921	19.563393	20.036025	30.628661	0
2	303	33.212224	21.184666	17.746132	27.856978	0
2	304	26.056132	18.44921	22.732241	32.762416	0
2	305	31.874832	17.50433	16.680651	33.940187	0
2	306	33.240443	15.424705	19.590922	31.74393	0
2	307	29.577649	14.529763	24.745173	31.147415	0
2	308	36.062354	13.60223	19.800676	30.534739	0
2	309	28.212833	19.609067	21.096061	31.082039	0
2	310	33.477155	17.241698	20.587873	28.693274	0
2	311	24.264955	18.742873	19.692113	37.300059	0
2	312	26.598966	22.24645	16.925424	34.22916	0
2	313	24.203689	19.166936	25.458062	31.171313	0
2	314	26.106822	19.337987	17.014932	37.540259	0
2	315	24.021851	19.545251	21.319711	35.113186	0
2	316	27.661132	18.782602	21.592634	31.963632	0
2	317	26.383838	20.707483	18.102386	34.806294	0
2	318	27.32099	21.441945	20.918764	30.318301	0
2	319	30.347814	20.899663	18.429366	30.323157	0
2	320	32.078656	17.752213	19.089081	31.08005	0
2	321	32.460838	17.114986	17.014047	33.410129	0
2	322	26.516412	20.822161	21.241331	31.420096	0
2	323	26.576514	15.509323	19.838188	38.075975	0
2	324	31.280099	16.014147	19.429954	33.2758	0
2	325	31.926058	18.273513	19.656644	30.143784	0
2	326	28.900122	18.520859	20.521198	32.057822	0
2	327	33.151227	19.144231	18.366749	29.337792	0
2	328	24.959739	21.281121	21.318107	32.441033	0
2	329	28.21147	23.642094	19.375544	28.770892	0
2	330	31.604213	16.103778	17.738891	34.553118	0
2	331	33.769466	22.071708	17.077756	27.08107	0
2	332	30.473512	21.703718	17.891736	29.931034	0
2	333	37.014633	20.465736	17.173834	25.345796	0
2	334	33.512114	15.128537	18.763486	32.595863	0
2	335	33.723018	18.554596	16.37755	31.344836	0
2	336	25.893958	27.525432	13.897195	32.683416	0
2	337	27.548763	17.065483	19.534676	35.851078	0
2	338	32.37282	16.176391	17.947394	33.503395	0
2	339	29.60431	16.413355	18.526682	35.455652	0
2	340	34.644297	16.869569	23.585786	24.900348	0
2	341	31.731822	19.191919	18.086977	30.989282	0
2	342	28.623532	18.17607	18.194576	35.005822	0
2	343	25.147664	19.766976	25.375908	29.709452	0
2	344	31.07708	20.141266	17.343697	31.437957	0
2	345	29.132577	15.835537	24.691748	30.340137	0
2	346	30.461906	14.964528	22.442165	32.1314	0
2	347	29.764411	20.453441	18.135338	31.646809	0
2	348	32.05497	17.462655	19.725305	30.75707	0
2	349	28.900731	17.948144	24.391523	28.759601	0
2	350	29.821544	17.5664	17.651232	34.960823	0
2	351	32.101707	19.357426	21.125816	27.415051	0
2	352	27.084265	15.221113	25.437676	32.256945	0
2	353	30.604296	19.798697	15.688558	33.908449	0
2	354	31.497108	18.986502	18.012341	31.504049	0
2	355	32.272272	16.600848	26.11184	25.01504	0
2	356	32.212881	17.562669	16.675665	33.548785	0
2	357	32.994724	15.17802	22.000339	29.826916	0
2	358	28.580134	17.855545	23.628188	29.936134	0
2	359	24.607374	19.677569	20.832305	34.882752	0
2	360	24.422435	25.636575	20.897261	29.043729	0
2	361	32.617751	17.944584	16.537589	32.900076	0
2	362	37.769018	20.225551	16.928678	25.076752	0
2	363	34.251024	18.052716	14.934008	32.762252	0
2	364	32.520808	15.387582	22.792104	29.299506	0
2	365	24.288778	16.460705	22.094171	37.156345	0
2	366	30.339263	17.067282	16.745607	35.847849	0
2	367	30.619518	14.089777	19.679403	35.611303	0
2	368	32.005462	15.762433	18.056638	34.175467	0
2	369	33.181878	18.238693	16.263085	32.316344	0
2	370	29.82157	16.558539	20.900093	32.719797	0
2	371	33.257477	15.504779	19.456766	31.780978	0
2	372	32.641884	17.44953	18.103694	31.804892	0
2	373	27.246779	15.994754	22.99622	33.762246	0
2	374	24.245533	17.24936	20.793347	37.71176	0
2	375	30.962446	16.942327	20.919863	31.175363	0
2	376	31.005647	16.153917	21.168266	31.67217	0
2	377	25.271546	26.916253	17.119758	30.692443	0
2	378	29.508741	15.861787	12.824588	41.804885	0
2	379	24.12479	20.614691	27.526885	27.733634	0
2	380	28.294478	14.986962	17.243454	39.475105	0
2	381	31.887893	22.075047	20.265996	25.771064	0
2	382	35.630198	13.761128	21.600605	29.008069	0
2	383	29.484282	22.460174	20.013115	28.04243	0
2	384	32.665247	20.932852	14.291335	32.110566	0
2	385	26.171851	20.85262	21.131889	31.84364	0
2	386	37.947741	17.897287	16.97384	27.181133	0
2	387	39.241493	13.996744	15.201006	31.560757	0
2	388	27.184429	19.755906	18.877197	34.182469	0
2	389	29.874558	17.030288	21.609758	31.485396	0
2	390	28.374041	19.07238	20.363056	32.190523	0
2	391	26.983845	22.217679	21.960778	28.837697	0
2	392	36.659955	15.880143	20.078537	27.381366	0
2	393	35.974664	17.980389	16.84861	29.196337	0
2	394	31.134324	20.415988	17.905554	30.544133	0
2	395	32.215682	13.800659	19.662544	34.321115	0
2	396	27.756604	25.626466	13.90029	32.71664	0
2	397	36.689915	16.698556	17.89131	28.72022	0
2	398	26.922602	17.025676	23.265646	32.786076	0
2	399	29.920689	17.531015	20.866251	31.682045	0
2	400	30.878371	22.411758	20.003858	26.706014	0
2	401	29.76376	15.452035	20.639746	34.14446	0
2	402	30.622464	18.750289	15.410372	35.216875	0
2	403	28.055056	16.860963	22.740003	32.343978	0
2	404	33.117304	13.870629	20.534364	32.477703	0
2	405	36.5103	15.990279	15.964818	31.534604	0
2	406	33.116272	21.938122	16.332073	28.613533	0
2	407	27.932258	19.462233	17.574261	35.031248	0
2	408	29.747705	18.7717	22.74593	28.734666	0
2	409	26.943137	20.122676	21.636448	31.297739	0
2	410	32.747473	15.612221	15.442481	36.197824	0
2	411	33.843329	21.122762	14.596209	30.437701	0
2	412	28.612431	16.572279	24.149744	30.665545	0
2	413	34.213694	22.013641	15.548663	28.224002	0
2	414	29.583735	19.395085	20.552448	30.468732	0
2	415	30.331392	17.329578	22.672736	29.666294	0
2	416	34.54523	15.156168	20.986235	29.312367	0
2	417	33.146609	15.876947	16.936336	34.040107	0
2	418	32.381195	22.365223	17.427066	27.826516	0
2	419	33.448044	16.782278	18.275322	31.494356	0
2	420	30.080868	15.824807	18.604256	35.490069	0
2	421	23.363145	15.897464	21.011937	39.727454	0
2	422	23.933576	18.916291	18.244953	38.905179	0
2	423	27.819618	16.396845	19.002716	36.78082	0
2	424	27.089491	20.601286	22.90395	29.405274	0
2	425	29.372318	19.254869	18.206161	33.166651	0
2	426	30.419416	20.343404	15.906934	33.330247	0
2	427	28.086584	16.528919	24.252035	31.132461	0
2	428	26.237807	21.088252	19.414434	33.259507	0
2	429	32.873911	19.730212	19.810469	27.585409	0
2	430	27.891865	19.192153	22.672655	30.243326	0
2	431	31.591742	22.416361	18.96585	27.026047	0
2	432	28.904942	16.618431	19.335047	35.14158	0
2	433	29.650153	20.80944	23.210441	26.329966	0
2	434	30.056108	19.383967	17.317147	33.242778	0
2	435	39.042047	14.104563	17.138491	29.714899	0
2	436	28.490827	21.788192	25.065413	24.655568	0
2	437	29.569365	22.58072	19.8413	28.008614	0
2	438	27.060803	19.625779	20.652417	32.661001	0
2	439	31.558389	17.022788	16.793522	34.625301	0
2	440	29.826078	21.242695	20.97637	27.954856	0
2	441	34.917816	18.26955	13.598709	33.213925	0
2	442	28.937067	20.376933	18.957064	31.728936	0
2	443	24.744815	17.874515	23.754961	33.625708	0
2	444	28.468292	15.946382	20.748365	34.836961	0
2	445	28.948141	18.393254	17.193291	35.465314	0
2	446	33.101158	18.217761	21.593822	27.087259	0
2	447	30.60011	15.591576	23.781208	30.027106	0
2	448	24.881266	19.8508	21.504969	33.762964	0
2	449	26.232344	17.904996	16.325711	39.536949	0
2	450	32.384424	18.378616	15.918815	33.318145	0
2	451	31.107025	17.694322	20.045273	31.15338	0
2	452	31.345175	17.995411	20.022714	30.6367	0
2	453	30.538751	16.307783	18.758547	34.394919	0
2	454	23.610993	20.35124	21.694855	34.342911	0
2	455	26.899749	15.403516	18.213637	39.483098	0
2	456	26.95972	16.074147	16.565574	40.400559	0
2	457	28.726857	15.0782	23.330139	32.864804	0
2	458	23.642686	20.108183	23.618731	32.6304	0
2	459	31.964977	18.118098	17.170656	32.746269	0
2	460	31.223531	13.284027	25.188568	30.303873	0
2	461	29.68785	18.539643	18.663297	33.10921	0
2	462	28.674112	20.471461	19.639835	31.214592	0
2	463	26.294919	17.112027	24.531	32.062054	0
2	464	28.39176	20.20562	17.86341	33.539211	0
2	465	33.408321	15.552669	15.343167	35.695842	0
2	466	32.235194	16.030617	19.546931	32.187258	0
2	467	29.051441	19.721294	22.396993	28.830271	0
2	468	31.677172	21.075834	18.519664	28.727329	0
2	469	29.213022	20.096775	19.072504	31.617698	0
2	470	28.348987	19.732716	19.192263	32.726034	0
2	471	30.138683	19.805177	15.77631	34.279829	0
2	472	28.223277	17.062518	23.820771	30.893434	0
2	473	25.844602	20.689468	23.663584	29.802345	0
2	474	32.326331	15.322706	18.160904	34.19006	0
2	475	25.33605	17.32353	28.066288	29.274132	0
2	476	30.350321	16.965898	20.602388	32.081393	0
2	477	30.010385	22.137144	14.776955	33.075516	0
2	478	35.431008	13.189147	22.803101	28.576744	0
2	479	30.863432	23.470789	16.11227	29.55351	0
2	480	34.788175	17.036002	16.578988	31.596834	0
2	481	30.403422	19.6913	18.662557	31.242721	0
2	482	32.549196	18.919507	18.498435	30.032862	0
2	483	27.873492	18.587511	19.90375	33.635247	0
2	484	28.65605	16.253347	22.190828	32.899776	0
2	485	28.888594	18.480032	24.526228	28.105146	0
2	486	32.227351	21.982176	15.340816	30.449657	0
2	487	31.378428	17.780457	19.10495	31.736166	0
2	488	31.500318	19.37744	13.571277	35.550965	0
2	489	29.799653	17.308724	17.47121	35.420413	0
2	490	28.200089	18.715527	21.952862	31.131522	0
2	491	30.478507	19.602839	14.89752	35.021134	0
2	492	31.250151	22.626064	15.530592	30.593192	0
2	493	25.658349	18.558989	25.09736	30.685301	0
2	494	35.591869	14.205844	17.665091	32.537197	0
2	495	32.021583	21.839664	19.743063	26.39569	0
2	496	32.647066	12.187302	24.683945	30.481687	0
2	497	30.042137	18.402429	19.095646	32.459789	0
2	498	32.425335	17.148142	15.857072	34.569451	0
2	499	30.193817	16.731701	23.018953	30.055529	0
2	500	33.593114	18.916427	17.06402	30.42644	0
2	501	31.310771	20.041595	23.196578	25.451056	0
2	502	34.476141	14.338704	14.257228	36.927926	0


